osu file format v14

[General]
AudioFilename: S8.mp3
AudioLeadIn: 0
PreviewTime: 28804
Countdown: 0
SampleSet: None
StackLeniency: 0.7
Mode: 3
LetterboxInBreaks: 0
SpecialStyle: 0
WidescreenStoryboard: 1

[Editor]
DistanceSpacing: 1
BeatDivisor: 6
GridSize: 16
TimelineZoom: 1

[Metadata]
Title:Dan ~ REFORM ~ StaminaMap Pack
TitleUnicode:Dan ~ REFORM ~ StaminaMap Pack
Artist:Various Artists
ArtistUnicode:Various Artists
Creator:DDMythical
Version:Anguish ~ 8th ~ (Marathon)
Source:Shoegazer // Cherry Blossoms and Broken Streams
Tags:
BeatmapID:1352099
BeatmapSetID:611978

[Difficulty]
HPDrainRate:8.5
CircleSize:4
OverallDifficulty:8.5
ApproachRate:5
SliderMultiplier:1.4
SliderTickRate:1

[Events]
//Background and Video events
0,0,"Stamina-8.jpg",0,0
//Break Periods
//Storyboard Layer 0 (Background)
//Storyboard Layer 1 (Fail)
//Storyboard Layer 2 (Pass)
//Storyboard Layer 3 (Foreground)
//Storyboard Sound Samples

[TimingPoints]
2379,269.6484,4,1,0,15,1,0


[HitObjects]
64,0,2378,128,0,2513:1:0:0:0:
448,192,2513,1,0,0:0:0:0:
320,0,2648,128,0,2716:1:0:0:0:
448,192,2783,1,0,0:0:0:0:
192,192,2918,1,0,0:0:0:0:
320,192,3053,1,0,0:0:0:0:
64,192,3187,1,0,0:0:0:0:
448,192,3322,1,0,0:0:0:0:
64,192,3457,1,0,0:0:0:0:
192,192,3592,1,0,0:0:0:0:
64,192,3727,1,0,0:0:0:0:
448,192,3862,1,0,0:0:0:0:
192,192,3996,1,0,0:0:0:0:
320,192,4131,1,0,0:0:0:0:
192,192,4266,1,0,0:0:0:0:
448,192,4401,1,0,0:0:0:0:
64,0,4536,128,0,4671:1:0:0:0:
320,192,4671,1,0,0:0:0:0:
192,0,4805,128,0,4873:1:0:0:0:
448,192,4940,1,0,0:0:0:0:
320,192,5075,1,0,0:0:0:0:
192,192,5210,1,0,0:0:0:0:
320,192,5345,1,0,0:0:0:0:
448,192,5479,1,0,0:0:0:0:
192,192,5614,1,0,0:0:0:0:
320,192,5749,1,0,0:0:0:0:
64,192,5884,1,0,0:0:0:0:
192,192,6019,1,0,0:0:0:0:
64,192,6154,1,0,0:0:0:0:
448,192,6288,1,0,0:0:0:0:
192,192,6423,1,0,0:0:0:0:
320,192,6558,1,0,0:0:0:0:
64,0,6693,128,0,6828:1:0:0:0:
448,192,6828,1,0,0:0:0:0:
192,0,6963,128,0,7030:1:0:0:0:
448,192,7097,1,0,0:0:0:0:
64,192,7232,1,0,0:0:0:0:
448,192,7367,1,0,0:0:0:0:
192,192,7502,1,0,0:0:0:0:
320,192,7637,1,0,0:0:0:0:
64,192,7771,1,0,0:0:0:0:
192,192,7906,1,0,0:0:0:0:
320,192,8041,1,0,0:0:0:0:
192,192,8176,1,0,0:0:0:0:
64,192,8311,1,0,0:0:0:0:
448,192,8446,1,0,0:0:0:0:
192,192,8580,1,0,0:0:0:0:
320,192,8715,1,0,0:0:0:0:
64,0,8850,128,0,8985:1:0:0:0:
192,192,8985,1,0,0:0:0:0:
320,0,9120,128,0,9187:1:0:0:0:
192,192,9255,1,0,0:0:0:0:
64,192,9389,1,0,0:0:0:0:
320,192,9524,1,0,0:0:0:0:
192,192,9659,1,0,0:0:0:0:
320,192,9794,1,0,0:0:0:0:
64,192,9929,1,0,0:0:0:0:
448,192,10063,1,0,0:0:0:0:
320,192,10198,1,0,0:0:0:0:
448,192,10333,1,0,0:0:0:0:
192,192,10468,1,0,0:0:0:0:
320,192,10603,1,0,0:0:0:0:
64,192,10738,1,0,0:0:0:0:
448,192,10872,1,0,0:0:0:0:
64,0,11007,128,0,11142:1:0:0:0:
192,192,11007,1,0,0:0:0:0:
448,192,11142,1,0,0:0:0:0:
320,0,11277,128,0,11344:1:0:0:0:
448,192,11412,1,0,0:0:0:0:
192,192,11547,1,0,0:0:0:0:
320,192,11681,1,0,0:0:0:0:
192,192,11816,1,0,0:0:0:0:
64,192,11816,1,0,0:0:0:0:
448,192,11951,1,0,0:0:0:0:
320,192,12086,1,0,0:0:0:0:
64,192,12086,1,0,0:0:0:0:
192,192,12221,1,0,0:0:0:0:
64,192,12355,1,0,0:0:0:0:
448,192,12490,1,0,0:0:0:0:
192,192,12625,1,0,0:0:0:0:
320,192,12760,1,0,0:0:0:0:
192,192,12895,1,0,0:0:0:0:
448,192,13030,1,0,0:0:0:0:
64,0,13164,128,0,13299:1:0:0:0:
320,192,13299,1,0,0:0:0:0:
192,0,13434,128,0,13501:1:0:0:0:
448,192,13569,1,0,0:0:0:0:
320,192,13704,1,0,0:0:0:0:
64,192,13704,1,0,0:0:0:0:
192,192,13839,1,0,0:0:0:0:
320,192,13973,1,0,0:0:0:0:
448,192,14108,1,0,0:0:0:0:
192,192,14243,1,0,0:0:0:0:
64,192,14243,1,0,0:0:0:0:
320,192,14378,1,0,0:0:0:0:
64,192,14513,1,0,0:0:0:0:
192,192,14648,1,0,0:0:0:0:
64,192,14782,1,0,0:0:0:0:
448,192,14917,1,0,0:0:0:0:
192,192,15052,1,0,0:0:0:0:
320,192,15187,1,0,0:0:0:0:
64,0,15322,128,0,15456:1:0:0:0:
192,192,15322,1,0,0:0:0:0:
448,192,15456,1,0,0:0:0:0:
192,0,15591,128,0,15659:1:0:0:0:
448,192,15726,1,0,0:0:0:0:
64,192,15861,1,0,0:0:0:0:
448,192,15996,1,0,0:0:0:0:
192,192,16131,1,0,0:0:0:0:
64,192,16131,1,0,0:0:0:0:
320,192,16265,1,0,0:0:0:0:
448,192,16400,1,0,0:0:0:0:
64,192,16400,1,0,0:0:0:0:
192,192,16535,1,0,0:0:0:0:
320,192,16670,1,0,0:0:0:0:
192,192,16805,1,0,0:0:0:0:
64,192,16940,1,0,0:0:0:0:
448,192,17074,1,0,0:0:0:0:
192,192,17209,1,0,0:0:0:0:
320,192,17344,1,0,0:0:0:0:
64,0,17479,128,0,17614:1:0:0:0:
192,192,17614,1,0,0:0:0:0:
320,0,17748,128,0,17816:1:0:0:0:
192,192,17883,1,0,0:0:0:0:
448,192,18018,1,0,0:0:0:0:
64,192,18018,1,0,0:0:0:0:
320,192,18153,1,0,0:0:0:0:
192,192,18288,1,0,0:0:0:0:
320,192,18423,1,0,0:0:0:0:
192,192,18557,1,0,0:0:0:0:
64,192,18557,1,0,0:0:0:0:
448,192,18692,1,0,0:0:0:0:
320,192,18827,1,0,0:0:0:0:
448,192,18962,1,0,0:0:0:0:
192,192,19097,1,0,0:0:0:0:
320,192,19232,1,0,0:0:0:0:
64,192,19366,1,0,0:0:0:0:
448,192,19501,1,0,0:0:0:0:
448,192,19636,1,0,0:0:0:0:
64,192,19636,1,0,0:0:0:0:
448,192,20445,1,0,0:0:0:0:
448,192,20715,1,0,0:0:0:0:
64,192,20715,1,0,0:0:0:0:
192,192,22332,1,0,0:0:0:0:
64,192,22332,1,0,0:0:0:0:
320,192,22872,1,0,0:0:0:0:
192,192,22872,1,0,0:0:0:0:
448,192,23950,1,0,0:0:0:0:
320,192,23950,1,0,0:0:0:0:
448,192,24759,1,0,0:0:0:0:
448,192,25029,1,0,0:0:0:0:
64,192,25029,1,0,0:0:0:0:
192,192,26647,1,0,0:0:0:0:
64,192,26647,1,0,0:0:0:0:
448,192,27186,1,0,0:0:0:0:
64,192,27186,1,0,0:0:0:0:
448,0,28265,128,0,30422:1:0:0:0:
192,192,30422,1,0,0:0:0:0:
64,192,30422,1,0,0:0:0:0:
448,192,30489,1,0,0:0:0:0:
320,192,30557,1,0,0:0:0:0:
64,192,30557,1,0,0:0:0:0:
192,192,30624,1,0,0:0:0:0:
448,192,30692,1,0,0:0:0:0:
320,192,30692,1,0,0:0:0:0:
192,192,30759,1,0,0:0:0:0:
448,192,30826,1,0,0:0:0:0:
64,192,30826,1,0,0:0:0:0:
320,192,30894,1,0,0:0:0:0:
192,192,30961,1,0,0:0:0:0:
64,192,30961,1,0,0:0:0:0:
320,192,31029,1,0,0:0:0:0:
448,192,31096,1,0,0:0:0:0:
64,192,31096,1,0,0:0:0:0:
192,192,31163,1,0,0:0:0:0:
448,192,31231,1,0,0:0:0:0:
320,192,31231,1,0,0:0:0:0:
192,192,31298,1,0,0:0:0:0:
448,192,31366,1,0,0:0:0:0:
64,192,31366,1,0,0:0:0:0:
320,192,31433,1,0,0:0:0:0:
192,192,31501,1,0,0:0:0:0:
64,192,31501,1,0,0:0:0:0:
320,192,31568,1,0,0:0:0:0:
448,192,31635,1,0,0:0:0:0:
192,192,31635,1,0,0:0:0:0:
64,192,31703,1,0,0:0:0:0:
448,192,31770,1,0,0:0:0:0:
320,192,31770,1,0,0:0:0:0:
192,192,31838,1,0,0:0:0:0:
448,192,31905,1,0,0:0:0:0:
64,192,31905,1,0,0:0:0:0:
192,192,31972,1,0,0:0:0:0:
448,192,32040,1,0,0:0:0:0:
320,192,32040,1,0,0:0:0:0:
192,192,32107,1,0,0:0:0:0:
448,192,32175,1,0,0:0:0:0:
64,192,32175,1,0,0:0:0:0:
320,192,32242,1,0,0:0:0:0:
192,192,32309,1,0,0:0:0:0:
64,192,32309,1,0,0:0:0:0:
320,192,32377,1,0,0:0:0:0:
448,192,32444,1,0,0:0:0:0:
64,192,32444,1,0,0:0:0:0:
192,192,32512,1,0,0:0:0:0:
448,192,32579,1,0,0:0:0:0:
320,192,32579,1,0,0:0:0:0:
64,192,32647,1,0,0:0:0:0:
320,192,32714,1,0,0:0:0:0:
192,192,32714,1,0,0:0:0:0:
448,192,32781,1,0,0:0:0:0:
192,192,32849,1,0,0:0:0:0:
64,192,32849,1,0,0:0:0:0:
320,192,32916,1,0,0:0:0:0:
448,192,32984,1,0,0:0:0:0:
64,192,32984,1,0,0:0:0:0:
320,192,33051,1,0,0:0:0:0:
192,192,33118,1,0,0:0:0:0:
64,192,33118,1,0,0:0:0:0:
448,192,33186,1,0,0:0:0:0:
320,192,33253,1,0,0:0:0:0:
64,192,33253,1,0,0:0:0:0:
192,192,33321,1,0,0:0:0:0:
448,192,33388,1,0,0:0:0:0:
64,192,33388,1,0,0:0:0:0:
320,192,33455,1,0,0:0:0:0:
192,192,33523,1,0,0:0:0:0:
64,192,33523,1,0,0:0:0:0:
320,192,33590,1,0,0:0:0:0:
448,192,33658,1,0,0:0:0:0:
192,192,33658,1,0,0:0:0:0:
64,192,33725,1,0,0:0:0:0:
448,192,33793,1,0,0:0:0:0:
320,192,33793,1,0,0:0:0:0:
192,192,33860,1,0,0:0:0:0:
448,192,33927,1,0,0:0:0:0:
64,192,33927,1,0,0:0:0:0:
192,192,33995,1,0,0:0:0:0:
448,192,34062,1,0,0:0:0:0:
320,192,34062,1,0,0:0:0:0:
64,192,34130,1,0,0:0:0:0:
320,192,34197,1,0,0:0:0:0:
192,192,34197,1,0,0:0:0:0:
448,192,34264,1,0,0:0:0:0:
192,192,34332,1,0,0:0:0:0:
64,192,34332,1,0,0:0:0:0:
320,192,34399,1,0,0:0:0:0:
448,192,34467,1,0,0:0:0:0:
64,192,34467,1,0,0:0:0:0:
320,192,34534,1,0,0:0:0:0:
64,192,34601,1,0,0:0:0:0:
192,192,34607,1,0,0:0:0:0:
448,192,34669,1,0,0:0:0:0:
320,192,34674,1,0,0:0:0:0:
64,192,34736,1,0,0:0:0:0:
192,192,34742,1,0,0:0:0:0:
448,192,34804,1,0,0:0:0:0:
320,192,34871,1,0,0:0:0:0:
192,192,34871,1,0,0:0:0:0:
64,192,34939,1,0,0:0:0:0:
448,192,35006,1,0,0:0:0:0:
320,192,35006,1,0,0:0:0:0:
192,192,35073,1,0,0:0:0:0:
448,192,35141,1,0,0:0:0:0:
64,192,35141,1,0,0:0:0:0:
192,192,35208,1,0,0:0:0:0:
448,192,35276,1,0,0:0:0:0:
320,192,35276,1,0,0:0:0:0:
64,192,35343,1,0,0:0:0:0:
320,192,35410,5,0,0:0:0:0:
192,192,35410,1,0,0:0:0:0:
448,192,35478,1,0,0:0:0:0:
192,192,35545,1,0,0:0:0:0:
64,192,35545,1,0,0:0:0:0:
448,192,35613,1,0,0:0:0:0:
320,192,35680,1,0,0:0:0:0:
64,192,35680,1,0,0:0:0:0:
192,192,35747,1,0,0:0:0:0:
448,192,35815,1,0,0:0:0:0:
320,192,35815,1,0,0:0:0:0:
64,192,35882,1,0,0:0:0:0:
320,192,35950,1,0,0:0:0:0:
192,192,35950,1,0,0:0:0:0:
448,192,36017,1,0,0:0:0:0:
192,192,36085,1,0,0:0:0:0:
64,192,36085,1,0,0:0:0:0:
448,192,36152,1,0,0:0:0:0:
320,192,36219,1,0,0:0:0:0:
192,192,36219,1,0,0:0:0:0:
64,192,36287,1,0,0:0:0:0:
448,192,36354,1,0,0:0:0:0:
320,192,36354,1,0,0:0:0:0:
192,192,36422,1,0,0:0:0:0:
448,192,36489,1,0,0:0:0:0:
64,192,36489,1,0,0:0:0:0:
320,192,36556,1,0,0:0:0:0:
192,192,36624,1,0,0:0:0:0:
64,192,36624,1,0,0:0:0:0:
448,192,36691,1,0,0:0:0:0:
320,192,36759,1,0,0:0:0:0:
192,192,36759,1,0,0:0:0:0:
64,192,36826,1,0,0:0:0:0:
448,192,36893,1,0,0:0:0:0:
320,192,36893,1,0,0:0:0:0:
192,192,36961,1,0,0:0:0:0:
448,192,37028,1,0,0:0:0:0:
320,192,37028,1,0,0:0:0:0:
64,192,37096,1,0,0:0:0:0:
448,192,37163,1,0,0:0:0:0:
192,192,37163,1,0,0:0:0:0:
320,192,37231,1,0,0:0:0:0:
192,192,37298,1,0,0:0:0:0:
64,192,37298,1,0,0:0:0:0:
320,192,37365,1,0,0:0:0:0:
448,192,37433,1,0,0:0:0:0:
64,192,37433,1,0,0:0:0:0:
320,192,37500,1,0,0:0:0:0:
192,192,37568,1,0,0:0:0:0:
64,192,37568,1,0,0:0:0:0:
320,192,37635,1,0,0:0:0:0:
448,192,37702,1,0,0:0:0:0:
64,192,37702,1,0,0:0:0:0:
192,192,37770,1,0,0:0:0:0:
448,192,37837,1,0,0:0:0:0:
320,192,37837,1,0,0:0:0:0:
192,192,37905,1,0,0:0:0:0:
320,192,37972,1,0,0:0:0:0:
64,192,37972,1,0,0:0:0:0:
448,192,38040,1,0,0:0:0:0:
320,192,38107,1,0,0:0:0:0:
192,192,38107,1,0,0:0:0:0:
64,192,38174,1,0,0:0:0:0:
448,192,38242,1,0,0:0:0:0:
320,192,38242,1,0,0:0:0:0:
192,192,38309,1,0,0:0:0:0:
448,192,38377,1,0,0:0:0:0:
64,192,38377,1,0,0:0:0:0:
192,192,38444,1,0,0:0:0:0:
448,192,38511,1,0,0:0:0:0:
320,192,38511,1,0,0:0:0:0:
64,192,38579,1,0,0:0:0:0:
320,192,38646,1,0,0:0:0:0:
192,192,38646,1,0,0:0:0:0:
448,192,38714,1,0,0:0:0:0:
320,192,38781,1,0,0:0:0:0:
64,192,38781,1,0,0:0:0:0:
192,192,38848,1,0,0:0:0:0:
448,192,38916,1,0,0:0:0:0:
320,192,38921,1,0,0:0:0:0:
64,192,38983,1,0,0:0:0:0:
192,192,38988,1,0,0:0:0:0:
448,192,39051,1,0,0:0:0:0:
320,192,39056,1,0,0:0:0:0:
192,192,39118,1,0,0:0:0:0:
448,192,39186,1,0,0:0:0:0:
64,192,39186,1,0,0:0:0:0:
192,192,39253,1,0,0:0:0:0:
448,192,39320,1,0,0:0:0:0:
320,192,39320,1,0,0:0:0:0:
64,192,39388,1,0,0:0:0:0:
320,192,39455,1,0,0:0:0:0:
192,192,39455,1,0,0:0:0:0:
448,192,39523,1,0,0:0:0:0:
192,192,39590,1,0,0:0:0:0:
64,192,39590,1,0,0:0:0:0:
320,192,39657,1,0,0:0:0:0:
448,192,39725,1,0,0:0:0:0:
64,192,39725,1,0,0:0:0:0:
192,192,39792,1,0,0:0:0:0:
448,192,39860,1,0,0:0:0:0:
320,192,39860,1,0,0:0:0:0:
64,192,39927,1,0,0:0:0:0:
320,192,39994,1,0,0:0:0:0:
192,192,39994,1,0,0:0:0:0:
448,192,40062,1,0,0:0:0:0:
192,192,40129,1,0,0:0:0:0:
64,192,40129,1,0,0:0:0:0:
448,192,40197,1,0,0:0:0:0:
320,192,40264,1,0,0:0:0:0:
192,192,40264,1,0,0:0:0:0:
64,192,40332,1,0,0:0:0:0:
448,192,40399,1,0,0:0:0:0:
320,192,40399,1,0,0:0:0:0:
64,192,40466,1,0,0:0:0:0:
320,192,40534,1,0,0:0:0:0:
192,192,40534,1,0,0:0:0:0:
448,192,40601,1,0,0:0:0:0:
320,192,40669,1,0,0:0:0:0:
192,192,40669,1,0,0:0:0:0:
64,192,40736,1,0,0:0:0:0:
448,192,40803,1,0,0:0:0:0:
320,192,40803,1,0,0:0:0:0:
64,192,40871,1,0,0:0:0:0:
320,192,40938,1,0,0:0:0:0:
192,192,40938,1,0,0:0:0:0:
448,192,41006,1,0,0:0:0:0:
192,192,41073,1,0,0:0:0:0:
64,192,41073,1,0,0:0:0:0:
320,192,41140,1,0,0:0:0:0:
448,192,41208,1,0,0:0:0:0:
64,192,41208,1,0,0:0:0:0:
192,192,41275,1,0,0:0:0:0:
448,192,41343,1,0,0:0:0:0:
320,192,41343,1,0,0:0:0:0:
192,192,41410,1,0,0:0:0:0:
448,192,41478,1,0,0:0:0:0:
64,192,41478,1,0,0:0:0:0:
320,192,41545,1,0,0:0:0:0:
192,192,41612,1,0,0:0:0:0:
64,192,41612,1,0,0:0:0:0:
320,192,41680,1,0,0:0:0:0:
192,192,41747,1,0,0:0:0:0:
64,192,41747,1,0,0:0:0:0:
448,192,41815,1,0,0:0:0:0:
320,192,41882,1,0,0:0:0:0:
192,192,41882,1,0,0:0:0:0:
64,192,41949,1,0,0:0:0:0:
448,192,42017,1,0,0:0:0:0:
320,192,42017,1,0,0:0:0:0:
192,192,42084,1,0,0:0:0:0:
448,192,42152,1,0,0:0:0:0:
320,192,42152,1,0,0:0:0:0:
64,192,42219,1,0,0:0:0:0:
448,192,42286,1,0,0:0:0:0:
192,192,42286,1,0,0:0:0:0:
320,192,42354,1,0,0:0:0:0:
192,192,42421,1,0,0:0:0:0:
64,192,42421,1,0,0:0:0:0:
320,192,42489,1,0,0:0:0:0:
448,192,42556,1,0,0:0:0:0:
64,192,42556,1,0,0:0:0:0:
320,192,42624,1,0,0:0:0:0:
192,192,42691,1,0,0:0:0:0:
64,192,42691,1,0,0:0:0:0:
320,192,42758,1,0,0:0:0:0:
448,192,42826,1,0,0:0:0:0:
64,192,42826,1,0,0:0:0:0:
192,192,42893,1,0,0:0:0:0:
448,192,42961,1,0,0:0:0:0:
320,192,42961,1,0,0:0:0:0:
192,192,43028,1,0,0:0:0:0:
448,192,43095,1,0,0:0:0:0:
64,192,43095,1,0,0:0:0:0:
320,192,43163,1,0,0:0:0:0:
64,192,43230,1,0,0:0:0:0:
192,192,43235,1,0,0:0:0:0:
448,192,43298,1,0,0:0:0:0:
320,192,43303,1,0,0:0:0:0:
64,192,43365,1,0,0:0:0:0:
192,192,43370,1,0,0:0:0:0:
448,192,43432,1,0,0:0:0:0:
320,192,43500,1,0,0:0:0:0:
192,192,43500,1,0,0:0:0:0:
64,192,43567,1,0,0:0:0:0:
448,192,43635,1,0,0:0:0:0:
320,192,43635,1,0,0:0:0:0:
192,192,43702,1,0,0:0:0:0:
448,192,43770,1,0,0:0:0:0:
64,192,43770,1,0,0:0:0:0:
192,192,43837,1,0,0:0:0:0:
448,192,43904,1,0,0:0:0:0:
320,192,43904,1,0,0:0:0:0:
64,192,43972,1,0,0:0:0:0:
320,192,44039,1,0,0:0:0:0:
192,192,44039,1,0,0:0:0:0:
448,192,44107,1,0,0:0:0:0:
192,192,44174,1,0,0:0:0:0:
64,192,44174,1,0,0:0:0:0:
320,192,44241,1,0,0:0:0:0:
448,192,44309,1,0,0:0:0:0:
64,192,44309,1,0,0:0:0:0:
320,192,44376,1,0,0:0:0:0:
192,192,44444,1,0,0:0:0:0:
64,192,44444,1,0,0:0:0:0:
448,192,44511,1,0,0:0:0:0:
320,192,44578,1,0,0:0:0:0:
192,192,44578,1,0,0:0:0:0:
64,192,44646,1,0,0:0:0:0:
448,192,44713,1,0,0:0:0:0:
320,192,44713,1,0,0:0:0:0:
192,192,44781,1,0,0:0:0:0:
448,192,44848,1,0,0:0:0:0:
64,192,44848,1,0,0:0:0:0:
320,192,44916,1,0,0:0:0:0:
448,192,44983,1,0,0:0:0:0:
192,192,44983,1,0,0:0:0:0:
64,192,45050,1,0,0:0:0:0:
448,192,45118,1,0,0:0:0:0:
320,192,45118,1,0,0:0:0:0:
192,192,45185,1,0,0:0:0:0:
448,192,45253,1,0,0:0:0:0:
320,192,45253,1,0,0:0:0:0:
64,192,45320,1,0,0:0:0:0:
320,192,45387,1,0,0:0:0:0:
192,192,45387,1,0,0:0:0:0:
448,192,45455,1,0,0:0:0:0:
192,192,45522,1,0,0:0:0:0:
64,192,45522,1,0,0:0:0:0:
320,192,45590,1,0,0:0:0:0:
448,192,45657,1,0,0:0:0:0:
64,192,45657,1,0,0:0:0:0:
320,192,45724,1,0,0:0:0:0:
192,192,45792,1,0,0:0:0:0:
64,192,45792,1,0,0:0:0:0:
448,192,45859,1,0,0:0:0:0:
320,192,45927,1,0,0:0:0:0:
192,192,45927,1,0,0:0:0:0:
64,192,45994,1,0,0:0:0:0:
448,192,46062,1,0,0:0:0:0:
320,192,46062,1,0,0:0:0:0:
192,192,46129,1,0,0:0:0:0:
448,192,46196,1,0,0:0:0:0:
64,192,46196,1,0,0:0:0:0:
192,192,46264,1,0,0:0:0:0:
448,192,46331,1,0,0:0:0:0:
320,192,46331,1,0,0:0:0:0:
64,192,46399,1,0,0:0:0:0:
448,192,46466,1,0,0:0:0:0:
320,192,46466,1,0,0:0:0:0:
192,192,46533,1,0,0:0:0:0:
448,192,46601,1,0,0:0:0:0:
64,192,46601,1,0,0:0:0:0:
192,192,46668,1,0,0:0:0:0:
448,192,46736,1,0,0:0:0:0:
320,192,46736,1,0,0:0:0:0:
192,192,46803,1,0,0:0:0:0:
448,192,46870,1,0,0:0:0:0:
64,192,46870,1,0,0:0:0:0:
320,192,46938,1,0,0:0:0:0:
192,192,47005,1,0,0:0:0:0:
64,192,47005,1,0,0:0:0:0:
320,192,47073,1,0,0:0:0:0:
448,192,47140,1,0,0:0:0:0:
192,192,47140,1,0,0:0:0:0:
64,192,47208,1,0,0:0:0:0:
448,192,47275,1,0,0:0:0:0:
320,192,47275,1,0,0:0:0:0:
192,192,47342,1,0,0:0:0:0:
320,192,47410,1,0,0:0:0:0:
64,192,47410,1,0,0:0:0:0:
192,192,47545,1,0,0:0:0:0:
64,192,47545,1,0,0:0:0:0:
448,192,47679,1,0,0:0:0:0:
320,192,47679,1,0,0:0:0:0:
192,192,47679,1,0,0:0:0:0:
320,192,47814,1,0,0:0:0:0:
64,192,47814,1,0,0:0:0:0:
192,192,47949,1,0,0:0:0:0:
64,192,47949,1,0,0:0:0:0:
448,192,48084,1,0,0:0:0:0:
320,192,48084,1,0,0:0:0:0:
448,192,48219,1,0,0:0:0:0:
192,192,48219,1,0,0:0:0:0:
192,192,48354,1,0,0:0:0:0:
64,192,48354,1,0,0:0:0:0:
448,192,48488,1,0,0:0:0:0:
320,192,48488,1,0,0:0:0:0:
448,192,48623,1,0,0:0:0:0:
64,192,48623,1,0,0:0:0:0:
192,192,48758,1,0,0:0:0:0:
64,192,48758,1,0,0:0:0:0:
448,192,48893,1,0,0:0:0:0:
320,192,48893,1,0,0:0:0:0:
320,192,49028,1,0,0:0:0:0:
64,192,49028,1,0,0:0:0:0:
448,192,49162,1,0,0:0:0:0:
320,192,49162,1,0,0:0:0:0:
192,192,49230,1,0,0:0:0:0:
448,192,49297,1,0,0:0:0:0:
64,192,49297,1,0,0:0:0:0:
192,192,49432,1,0,0:0:0:0:
64,192,49432,1,0,0:0:0:0:
448,192,49567,1,0,0:0:0:0:
64,192,49567,1,0,0:0:0:0:
448,192,49702,1,0,0:0:0:0:
320,192,49702,1,0,0:0:0:0:
192,192,49837,1,0,0:0:0:0:
64,192,49837,1,0,0:0:0:0:
320,192,49971,1,0,0:0:0:0:
192,192,49971,1,0,0:0:0:0:
448,192,50106,1,0,0:0:0:0:
64,192,50106,1,0,0:0:0:0:
448,192,50241,1,0,0:0:0:0:
320,192,50241,1,0,0:0:0:0:
192,192,50376,1,0,0:0:0:0:
64,192,50376,1,0,0:0:0:0:
448,192,50511,1,0,0:0:0:0:
320,192,50511,1,0,0:0:0:0:
448,192,50646,1,0,0:0:0:0:
64,192,50646,1,0,0:0:0:0:
448,192,50780,1,0,0:0:0:0:
192,192,50780,1,0,0:0:0:0:
448,192,50915,1,0,0:0:0:0:
320,192,50915,1,0,0:0:0:0:
192,192,51050,1,0,0:0:0:0:
64,192,51050,1,0,0:0:0:0:
448,192,51185,1,0,0:0:0:0:
320,192,51185,1,0,0:0:0:0:
192,192,51320,1,0,0:0:0:0:
64,192,51320,1,0,0:0:0:0:
320,192,51387,1,0,0:0:0:0:
192,192,51455,1,0,0:0:0:0:
64,192,51455,1,0,0:0:0:0:
448,192,51589,1,0,0:0:0:0:
320,192,51589,1,0,0:0:0:0:
192,192,51724,1,0,0:0:0:0:
64,192,51724,1,0,0:0:0:0:
448,192,51792,1,0,0:0:0:0:
320,192,51859,1,0,0:0:0:0:
192,192,51859,1,0,0:0:0:0:
64,192,51926,1,0,0:0:0:0:
448,192,51994,1,0,0:0:0:0:
320,192,51994,1,0,0:0:0:0:
192,192,51994,1,0,0:0:0:0:
448,192,52129,1,0,0:0:0:0:
320,192,52129,1,0,0:0:0:0:
448,192,52263,1,0,0:0:0:0:
64,192,52263,1,0,0:0:0:0:
192,192,52398,1,0,0:0:0:0:
64,192,52398,1,0,0:0:0:0:
448,192,52533,1,0,0:0:0:0:
192,192,52533,1,0,0:0:0:0:
448,192,52668,1,0,0:0:0:0:
320,192,52668,1,0,0:0:0:0:
192,192,52803,1,0,0:0:0:0:
64,192,52803,1,0,0:0:0:0:
448,192,52938,1,0,0:0:0:0:
192,192,52938,1,0,0:0:0:0:
448,192,53072,1,0,0:0:0:0:
320,192,53072,1,0,0:0:0:0:
448,192,53207,1,0,0:0:0:0:
64,192,53207,1,0,0:0:0:0:
192,192,53342,1,0,0:0:0:0:
64,192,53342,1,0,0:0:0:0:
448,192,53477,1,0,0:0:0:0:
320,192,53477,1,0,0:0:0:0:
64,192,53544,1,0,0:0:0:0:
448,192,53612,1,0,0:0:0:0:
192,192,53612,1,0,0:0:0:0:
192,192,53747,1,0,0:0:0:0:
64,192,53747,1,0,0:0:0:0:
448,192,53881,1,0,0:0:0:0:
320,192,53881,1,0,0:0:0:0:
320,192,54016,1,0,0:0:0:0:
64,192,54016,1,0,0:0:0:0:
192,192,54084,1,0,0:0:0:0:
448,192,54151,1,0,0:0:0:0:
64,192,54151,1,0,0:0:0:0:
448,192,54286,1,0,0:0:0:0:
320,192,54286,1,0,0:0:0:0:
448,192,54421,1,0,0:0:0:0:
64,192,54421,1,0,0:0:0:0:
192,192,54555,1,0,0:0:0:0:
64,192,54555,1,0,0:0:0:0:
448,192,54690,1,0,0:0:0:0:
320,192,54690,1,0,0:0:0:0:
320,192,54825,1,0,0:0:0:0:
192,192,54825,1,0,0:0:0:0:
320,192,54960,1,0,0:0:0:0:
64,192,54960,1,0,0:0:0:0:
448,192,55095,1,0,0:0:0:0:
192,192,55095,1,0,0:0:0:0:
448,192,55230,1,0,0:0:0:0:
320,192,55230,1,0,0:0:0:0:
192,192,55364,1,0,0:0:0:0:
64,192,55364,1,0,0:0:0:0:
448,192,55499,1,0,0:0:0:0:
320,192,55499,1,0,0:0:0:0:
448,192,55634,1,0,0:0:0:0:
192,192,55634,1,0,0:0:0:0:
192,192,55769,1,0,0:0:0:0:
64,192,55769,1,0,0:0:0:0:
320,0,55904,128,0,56039:1:0:0:0:
192,192,56039,1,0,0:0:0:0:
64,192,56039,1,0,0:0:0:0:
448,192,56173,1,0,0:0:0:0:
320,192,56173,1,0,0:0:0:0:
448,192,56308,1,0,0:0:0:0:
192,192,56308,1,0,0:0:0:0:
64,192,56308,1,0,0:0:0:0:
448,192,56443,1,0,0:0:0:0:
192,192,56443,1,0,0:0:0:0:
448,192,56578,1,0,0:0:0:0:
320,192,56578,1,0,0:0:0:0:
192,192,56713,1,0,0:0:0:0:
64,192,56713,1,0,0:0:0:0:
320,192,56847,1,0,0:0:0:0:
64,192,56847,1,0,0:0:0:0:
448,192,56982,1,0,0:0:0:0:
320,192,56982,1,0,0:0:0:0:
192,192,57117,1,0,0:0:0:0:
64,192,57117,1,0,0:0:0:0:
448,192,57252,1,0,0:0:0:0:
64,192,57252,1,0,0:0:0:0:
448,192,57387,1,0,0:0:0:0:
320,192,57387,1,0,0:0:0:0:
192,192,57522,1,0,0:0:0:0:
64,192,57522,1,0,0:0:0:0:
448,192,57656,1,0,0:0:0:0:
192,192,57656,1,0,0:0:0:0:
192,192,57791,1,0,0:0:0:0:
64,192,57791,1,0,0:0:0:0:
320,192,57859,1,0,0:0:0:0:
448,192,57926,1,0,0:0:0:0:
64,192,57926,1,0,0:0:0:0:
192,192,57993,1,0,0:0:0:0:
448,192,58061,1,0,0:0:0:0:
320,192,58061,1,0,0:0:0:0:
192,192,58128,1,0,0:0:0:0:
448,192,58196,1,0,0:0:0:0:
64,192,58196,1,0,0:0:0:0:
192,192,58331,1,0,0:0:0:0:
64,192,58331,1,0,0:0:0:0:
448,192,58465,1,0,0:0:0:0:
320,192,58465,1,0,0:0:0:0:
320,192,58600,1,0,0:0:0:0:
192,192,58600,1,0,0:0:0:0:
448,192,58735,1,0,0:0:0:0:
64,192,58735,1,0,0:0:0:0:
192,192,58870,1,0,0:0:0:0:
64,192,58870,1,0,0:0:0:0:
448,192,59005,1,0,0:0:0:0:
320,192,59005,1,0,0:0:0:0:
192,192,59139,1,0,0:0:0:0:
64,192,59139,1,0,0:0:0:0:
448,192,59274,1,0,0:0:0:0:
64,192,59274,1,0,0:0:0:0:
320,192,59409,1,0,0:0:0:0:
64,192,59409,1,0,0:0:0:0:
192,192,59544,1,0,0:0:0:0:
64,192,59544,1,0,0:0:0:0:
448,192,59679,1,0,0:0:0:0:
320,192,59679,1,0,0:0:0:0:
192,192,59814,1,0,0:0:0:0:
64,192,59814,1,0,0:0:0:0:
448,192,59948,1,0,0:0:0:0:
320,192,59948,1,0,0:0:0:0:
192,192,60016,1,0,0:0:0:0:
448,192,60083,1,0,0:0:0:0:
320,192,60083,1,0,0:0:0:0:
192,192,60218,1,0,0:0:0:0:
64,192,60218,1,0,0:0:0:0:
448,192,60353,1,0,0:0:0:0:
320,192,60353,1,0,0:0:0:0:
64,192,60420,1,0,0:0:0:0:
320,192,60488,1,0,0:0:0:0:
192,192,60488,1,0,0:0:0:0:
448,192,60555,1,0,0:0:0:0:
320,192,60623,1,0,0:0:0:0:
192,192,60623,1,0,0:0:0:0:
64,192,60623,1,0,0:0:0:0:
192,192,60757,1,0,0:0:0:0:
64,192,60757,1,0,0:0:0:0:
448,192,60892,1,0,0:0:0:0:
64,192,60892,1,0,0:0:0:0:
448,192,61027,1,0,0:0:0:0:
320,192,61027,1,0,0:0:0:0:
320,192,61162,1,0,0:0:0:0:
64,192,61162,1,0,0:0:0:0:
192,192,61297,1,0,0:0:0:0:
64,192,61297,1,0,0:0:0:0:
448,192,61431,1,0,0:0:0:0:
320,192,61431,1,0,0:0:0:0:
320,192,61566,1,0,0:0:0:0:
64,192,61566,1,0,0:0:0:0:
192,192,61701,1,0,0:0:0:0:
64,192,61701,1,0,0:0:0:0:
448,192,61836,1,0,0:0:0:0:
64,192,61836,1,0,0:0:0:0:
448,192,61971,1,0,0:0:0:0:
320,192,61971,1,0,0:0:0:0:
192,192,62106,1,0,0:0:0:0:
64,192,62106,1,0,0:0:0:0:
320,192,62240,1,0,0:0:0:0:
64,192,62240,1,0,0:0:0:0:
448,192,62375,1,0,0:0:0:0:
320,192,62375,1,0,0:0:0:0:
192,192,62510,1,0,0:0:0:0:
64,192,62510,1,0,0:0:0:0:
448,192,62645,1,0,0:0:0:0:
192,192,62645,1,0,0:0:0:0:
448,192,62780,1,0,0:0:0:0:
64,192,62780,1,0,0:0:0:0:
192,192,62915,1,0,0:0:0:0:
64,192,62915,1,0,0:0:0:0:
448,192,63049,1,0,0:0:0:0:
64,192,63049,1,0,0:0:0:0:
448,192,63184,1,0,0:0:0:0:
320,192,63184,1,0,0:0:0:0:
192,192,63319,1,0,0:0:0:0:
64,192,63319,1,0,0:0:0:0:
320,192,63454,1,0,0:0:0:0:
192,192,63454,1,0,0:0:0:0:
448,192,63589,1,0,0:0:0:0:
192,192,63589,1,0,0:0:0:0:
320,192,63724,1,0,0:0:0:0:
64,192,63724,1,0,0:0:0:0:
448,192,63791,1,0,0:0:0:0:
192,192,63858,1,0,0:0:0:0:
64,192,63858,1,0,0:0:0:0:
448,192,63993,1,0,0:0:0:0:
320,192,63993,1,0,0:0:0:0:
192,192,64128,1,0,0:0:0:0:
64,192,64128,1,0,0:0:0:0:
320,192,64263,1,0,0:0:0:0:
64,192,64263,1,0,0:0:0:0:
448,192,64398,1,0,0:0:0:0:
320,192,64398,1,0,0:0:0:0:
192,0,64532,128,0,64667:1:0:0:0:
448,192,64667,1,0,0:0:0:0:
320,192,64667,1,0,0:0:0:0:
192,192,64802,1,0,0:0:0:0:
64,192,64802,1,0,0:0:0:0:
448,192,64937,1,0,0:0:0:0:
320,192,64937,1,0,0:0:0:0:
192,192,65004,1,0,0:0:0:0:
448,192,65072,1,0,0:0:0:0:
64,192,65072,1,0,0:0:0:0:
320,192,65139,1,0,0:0:0:0:
192,192,65207,1,0,0:0:0:0:
64,192,65207,1,0,0:0:0:0:
320,192,65274,1,0,0:0:0:0:
448,192,65341,1,0,0:0:0:0:
192,192,65341,1,0,0:0:0:0:
64,192,65409,1,0,0:0:0:0:
448,192,65476,1,0,0:0:0:0:
320,192,65476,1,0,0:0:0:0:
192,192,65544,1,0,0:0:0:0:
320,192,65611,1,0,0:0:0:0:
64,192,65611,1,0,0:0:0:0:
448,192,65678,1,0,0:0:0:0:
192,192,65746,1,0,0:0:0:0:
64,192,65746,1,0,0:0:0:0:
320,192,65813,1,0,0:0:0:0:
448,192,65881,1,0,0:0:0:0:
192,192,65881,1,0,0:0:0:0:
64,192,65948,1,0,0:0:0:0:
448,192,66016,1,0,0:0:0:0:
320,192,66016,1,0,0:0:0:0:
64,192,66083,1,0,0:0:0:0:
320,192,66150,1,0,0:0:0:0:
192,192,66150,1,0,0:0:0:0:
448,192,66218,1,0,0:0:0:0:
320,192,66285,1,0,0:0:0:0:
64,192,66285,1,0,0:0:0:0:
192,192,66353,1,0,0:0:0:0:
448,192,66420,1,0,0:0:0:0:
320,192,66420,1,0,0:0:0:0:
64,192,66487,1,0,0:0:0:0:
448,192,66555,1,0,0:0:0:0:
192,192,66555,1,0,0:0:0:0:
320,192,66622,1,0,0:0:0:0:
448,192,66690,1,0,0:0:0:0:
64,192,66690,1,0,0:0:0:0:
192,192,66757,1,0,0:0:0:0:
320,192,66824,1,0,0:0:0:0:
64,192,66824,1,0,0:0:0:0:
448,192,66892,1,0,0:0:0:0:
320,192,66959,1,0,0:0:0:0:
192,192,66959,1,0,0:0:0:0:
64,192,67027,1,0,0:0:0:0:
448,192,67094,1,0,0:0:0:0:
192,192,67094,1,0,0:0:0:0:
320,192,67162,1,0,0:0:0:0:
192,192,67229,1,0,0:0:0:0:
64,192,67229,1,0,0:0:0:0:
448,192,67296,1,0,0:0:0:0:
320,192,67364,1,0,0:0:0:0:
64,192,67364,1,0,0:0:0:0:
192,192,67431,1,0,0:0:0:0:
448,192,67499,1,0,0:0:0:0:
320,192,67499,1,0,0:0:0:0:
64,192,67566,1,0,0:0:0:0:
320,192,67633,1,0,0:0:0:0:
192,192,67633,1,0,0:0:0:0:
448,192,67701,1,0,0:0:0:0:
320,192,67768,1,0,0:0:0:0:
64,192,67768,1,0,0:0:0:0:
192,192,67836,1,0,0:0:0:0:
448,192,67903,1,0,0:0:0:0:
320,192,67903,1,0,0:0:0:0:
64,192,67970,1,0,0:0:0:0:
448,192,68038,1,0,0:0:0:0:
192,192,68038,1,0,0:0:0:0:
320,192,68105,1,0,0:0:0:0:
448,192,68173,1,0,0:0:0:0:
64,192,68173,1,0,0:0:0:0:
320,192,68240,1,0,0:0:0:0:
192,192,68308,1,0,0:0:0:0:
64,192,68308,1,0,0:0:0:0:
320,192,68375,1,0,0:0:0:0:
448,192,68442,1,0,0:0:0:0:
64,192,68442,1,0,0:0:0:0:
192,192,68510,1,0,0:0:0:0:
448,192,68577,1,0,0:0:0:0:
320,192,68577,1,0,0:0:0:0:
192,192,68645,1,0,0:0:0:0:
448,192,68712,1,0,0:0:0:0:
64,192,68712,1,0,0:0:0:0:
320,192,68779,1,0,0:0:0:0:
192,192,68847,1,0,0:0:0:0:
64,192,68847,1,0,0:0:0:0:
320,192,68914,1,0,0:0:0:0:
448,192,68982,1,0,0:0:0:0:
64,192,68982,1,0,0:0:0:0:
320,192,69049,1,0,0:0:0:0:
64,192,69116,1,0,0:0:0:0:
192,192,69121,1,0,0:0:0:0:
448,192,69184,1,0,0:0:0:0:
320,192,69189,1,0,0:0:0:0:
64,192,69251,1,0,0:0:0:0:
192,192,69256,1,0,0:0:0:0:
320,192,69319,1,0,0:0:0:0:
448,192,69386,1,0,0:0:0:0:
64,192,69386,1,0,0:0:0:0:
320,192,69454,1,0,0:0:0:0:
448,192,69521,1,0,0:0:0:0:
192,192,69521,1,0,0:0:0:0:
64,192,69588,1,0,0:0:0:0:
320,192,69656,1,0,0:0:0:0:
192,192,69656,1,0,0:0:0:0:
448,192,69723,1,0,0:0:0:0:
192,192,69791,1,0,0:0:0:0:
64,192,69791,1,0,0:0:0:0:
320,192,69858,1,0,0:0:0:0:
448,192,69925,1,0,0:0:0:0:
64,192,69925,1,0,0:0:0:0:
192,192,69993,1,0,0:0:0:0:
320,192,70060,1,0,0:0:0:0:
64,192,70060,1,0,0:0:0:0:
192,192,70128,1,0,0:0:0:0:
448,192,70195,1,0,0:0:0:0:
320,192,70195,1,0,0:0:0:0:
192,192,70262,1,0,0:0:0:0:
448,192,70330,1,0,0:0:0:0:
64,192,70330,1,0,0:0:0:0:
320,192,70397,1,0,0:0:0:0:
192,192,70465,1,0,0:0:0:0:
64,192,70465,1,0,0:0:0:0:
320,192,70532,1,0,0:0:0:0:
448,192,70600,1,0,0:0:0:0:
64,192,70600,1,0,0:0:0:0:
192,192,70667,1,0,0:0:0:0:
448,192,70734,1,0,0:0:0:0:
320,192,70734,1,0,0:0:0:0:
192,192,70802,1,0,0:0:0:0:
448,192,70869,1,0,0:0:0:0:
64,192,70869,1,0,0:0:0:0:
320,192,70937,1,0,0:0:0:0:
448,192,71004,1,0,0:0:0:0:
192,192,71004,1,0,0:0:0:0:
64,192,71071,1,0,0:0:0:0:
448,192,71139,1,0,0:0:0:0:
320,192,71139,1,0,0:0:0:0:
192,192,71206,1,0,0:0:0:0:
320,192,71274,1,0,0:0:0:0:
64,192,71274,1,0,0:0:0:0:
448,192,71341,1,0,0:0:0:0:
192,192,71408,1,0,0:0:0:0:
64,192,71408,1,0,0:0:0:0:
320,192,71476,1,0,0:0:0:0:
448,192,71543,1,0,0:0:0:0:
64,192,71543,1,0,0:0:0:0:
320,192,71611,1,0,0:0:0:0:
448,192,71678,1,0,0:0:0:0:
192,192,71678,1,0,0:0:0:0:
64,192,71746,1,0,0:0:0:0:
448,192,71813,1,0,0:0:0:0:
320,192,71813,1,0,0:0:0:0:
192,192,71880,1,0,0:0:0:0:
448,192,71948,1,0,0:0:0:0:
64,192,71948,1,0,0:0:0:0:
192,192,72015,1,0,0:0:0:0:
320,192,72083,1,0,0:0:0:0:
64,192,72083,1,0,0:0:0:0:
448,192,72150,1,0,0:0:0:0:
192,192,72217,1,0,0:0:0:0:
64,192,72217,1,0,0:0:0:0:
320,192,72285,1,0,0:0:0:0:
192,192,72352,1,0,0:0:0:0:
64,192,72352,1,0,0:0:0:0:
448,192,72420,1,0,0:0:0:0:
320,192,72487,1,0,0:0:0:0:
192,192,72487,1,0,0:0:0:0:
64,192,72554,1,0,0:0:0:0:
448,192,72622,1,0,0:0:0:0:
192,192,72622,1,0,0:0:0:0:
320,192,72689,1,0,0:0:0:0:
448,192,72757,1,0,0:0:0:0:
64,192,72757,1,0,0:0:0:0:
192,192,72824,1,0,0:0:0:0:
448,192,72892,1,0,0:0:0:0:
320,192,72892,1,0,0:0:0:0:
192,192,72959,1,0,0:0:0:0:
448,192,73026,1,0,0:0:0:0:
64,192,73026,1,0,0:0:0:0:
320,192,73094,1,0,0:0:0:0:
192,192,73161,1,0,0:0:0:0:
64,192,73161,1,0,0:0:0:0:
320,192,73229,1,0,0:0:0:0:
448,192,73296,1,0,0:0:0:0:
192,192,73296,1,0,0:0:0:0:
64,192,73363,1,0,0:0:0:0:
448,192,73431,1,0,0:0:0:0:
320,192,73436,1,0,0:0:0:0:
64,192,73498,1,0,0:0:0:0:
192,192,73503,1,0,0:0:0:0:
448,192,73566,1,0,0:0:0:0:
320,192,73570,1,0,0:0:0:0:
192,192,73633,1,0,0:0:0:0:
448,192,73701,1,0,0:0:0:0:
64,192,73701,1,0,0:0:0:0:
320,192,73768,1,0,0:0:0:0:
192,192,73835,1,0,0:0:0:0:
64,192,73835,1,0,0:0:0:0:
320,192,73903,1,0,0:0:0:0:
448,192,73970,1,0,0:0:0:0:
192,192,73970,1,0,0:0:0:0:
64,192,74038,1,0,0:0:0:0:
448,192,74105,1,0,0:0:0:0:
320,192,74105,1,0,0:0:0:0:
192,192,74172,1,0,0:0:0:0:
448,192,74240,1,0,0:0:0:0:
64,192,74240,1,0,0:0:0:0:
320,192,74307,1,0,0:0:0:0:
192,192,74375,1,0,0:0:0:0:
64,192,74375,1,0,0:0:0:0:
448,192,74442,1,0,0:0:0:0:
320,192,74509,1,0,0:0:0:0:
192,192,74509,1,0,0:0:0:0:
64,192,74577,1,0,0:0:0:0:
448,192,74644,1,0,0:0:0:0:
192,192,74644,1,0,0:0:0:0:
320,192,74712,1,0,0:0:0:0:
448,192,74779,1,0,0:0:0:0:
64,192,74779,1,0,0:0:0:0:
192,192,74847,1,0,0:0:0:0:
448,192,74914,1,0,0:0:0:0:
320,192,74914,1,0,0:0:0:0:
192,192,74981,1,0,0:0:0:0:
448,192,75049,1,0,0:0:0:0:
64,192,75049,1,0,0:0:0:0:
320,192,75116,1,0,0:0:0:0:
448,192,75184,1,0,0:0:0:0:
192,192,75184,1,0,0:0:0:0:
320,192,75251,1,0,0:0:0:0:
192,192,75318,1,0,0:0:0:0:
64,192,75318,1,0,0:0:0:0:
448,192,75386,1,0,0:0:0:0:
320,192,75453,1,0,0:0:0:0:
64,192,75453,1,0,0:0:0:0:
192,192,75521,1,0,0:0:0:0:
448,192,75588,1,0,0:0:0:0:
320,192,75588,1,0,0:0:0:0:
64,192,75655,1,0,0:0:0:0:
448,192,75723,1,0,0:0:0:0:
320,192,75723,1,0,0:0:0:0:
192,192,75790,1,0,0:0:0:0:
320,192,75858,1,0,0:0:0:0:
64,192,75858,1,0,0:0:0:0:
448,192,75925,1,0,0:0:0:0:
192,192,75993,1,0,0:0:0:0:
64,192,75993,1,0,0:0:0:0:
320,192,76060,1,0,0:0:0:0:
448,192,76127,1,0,0:0:0:0:
64,192,76127,1,0,0:0:0:0:
192,192,76195,1,0,0:0:0:0:
448,192,76262,1,0,0:0:0:0:
320,192,76262,1,0,0:0:0:0:
192,192,76330,1,0,0:0:0:0:
320,192,76397,1,0,0:0:0:0:
64,192,76397,1,0,0:0:0:0:
448,192,76464,1,0,0:0:0:0:
192,192,76532,1,0,0:0:0:0:
64,192,76532,1,0,0:0:0:0:
320,192,76599,1,0,0:0:0:0:
448,192,76667,1,0,0:0:0:0:
64,192,76667,1,0,0:0:0:0:
320,192,76734,1,0,0:0:0:0:
448,192,76801,1,0,0:0:0:0:
192,192,76801,1,0,0:0:0:0:
64,192,76869,1,0,0:0:0:0:
448,192,76936,1,0,0:0:0:0:
320,192,76936,1,0,0:0:0:0:
192,192,77004,1,0,0:0:0:0:
448,192,77071,1,0,0:0:0:0:
64,192,77071,1,0,0:0:0:0:
320,192,77139,1,0,0:0:0:0:
448,192,77206,1,0,0:0:0:0:
192,192,77206,1,0,0:0:0:0:
64,192,77273,1,0,0:0:0:0:
320,192,77341,1,0,0:0:0:0:
192,192,77341,1,0,0:0:0:0:
448,192,77408,1,0,0:0:0:0:
320,192,77476,1,0,0:0:0:0:
64,192,77476,1,0,0:0:0:0:
192,192,77543,1,0,0:0:0:0:
448,192,77610,1,0,0:0:0:0:
64,192,77610,1,0,0:0:0:0:
192,192,77678,1,0,0:0:0:0:
448,192,77745,1,0,0:0:0:0:
320,192,77750,1,0,0:0:0:0:
64,192,77813,1,0,0:0:0:0:
192,192,77817,1,0,0:0:0:0:
448,192,77880,1,0,0:0:0:0:
320,192,77885,1,0,0:0:0:0:
192,192,77947,1,0,0:0:0:0:
320,192,78015,1,0,0:0:0:0:
64,192,78015,1,0,0:0:0:0:
448,192,78082,1,0,0:0:0:0:
192,192,78150,1,0,0:0:0:0:
64,192,78150,1,0,0:0:0:0:
320,192,78217,1,0,0:0:0:0:
448,192,78285,1,0,0:0:0:0:
192,192,78285,1,0,0:0:0:0:
64,192,78352,1,0,0:0:0:0:
448,192,78419,1,0,0:0:0:0:
320,192,78419,1,0,0:0:0:0:
192,192,78487,1,0,0:0:0:0:
448,192,78554,1,0,0:0:0:0:
64,192,78554,1,0,0:0:0:0:
320,192,78622,1,0,0:0:0:0:
448,192,78689,1,0,0:0:0:0:
192,192,78689,1,0,0:0:0:0:
64,192,78756,1,0,0:0:0:0:
320,192,78824,1,0,0:0:0:0:
192,192,78824,1,0,0:0:0:0:
448,192,78891,1,0,0:0:0:0:
320,192,78959,1,0,0:0:0:0:
64,192,78959,1,0,0:0:0:0:
192,192,79026,1,0,0:0:0:0:
448,192,79093,1,0,0:0:0:0:
320,192,79093,1,0,0:0:0:0:
64,192,79161,1,0,0:0:0:0:
320,192,79228,1,0,0:0:0:0:
192,192,79228,1,0,0:0:0:0:
448,192,79296,1,0,0:0:0:0:
320,192,79363,1,0,0:0:0:0:
64,192,79363,1,0,0:0:0:0:
192,192,79429,1,0,0:0:0:0:
448,192,79498,1,0,0:0:0:0:
64,192,79498,1,0,0:0:0:0:
320,192,79565,1,0,0:0:0:0:
192,192,79633,1,0,0:0:0:0:
64,192,79633,1,0,0:0:0:0:
448,192,79700,1,0,0:0:0:0:
320,192,79768,1,0,0:0:0:0:
192,192,79768,1,0,0:0:0:0:
64,192,79835,1,0,0:0:0:0:
448,192,79902,1,0,0:0:0:0:
192,192,79902,1,0,0:0:0:0:
320,192,79970,1,0,0:0:0:0:
192,192,80037,1,0,0:0:0:0:
64,192,80037,1,0,0:0:0:0:
320,192,80105,1,0,0:0:0:0:
448,192,80172,1,0,0:0:0:0:
64,192,80172,1,0,0:0:0:0:
192,192,80239,1,0,0:0:0:0:
320,192,80307,1,0,0:0:0:0:
64,192,80307,1,0,0:0:0:0:
448,192,80374,1,0,0:0:0:0:
320,192,80442,1,0,0:0:0:0:
192,192,80442,1,0,0:0:0:0:
64,192,80509,1,0,0:0:0:0:
448,192,80577,1,0,0:0:0:0:
192,192,80577,1,0,0:0:0:0:
320,192,80644,1,0,0:0:0:0:
448,192,80711,1,0,0:0:0:0:
64,192,80711,1,0,0:0:0:0:
192,192,80779,1,0,0:0:0:0:
448,192,80846,1,0,0:0:0:0:
64,192,80846,1,0,0:0:0:0:
320,192,80914,1,0,0:0:0:0:
192,192,80981,1,0,0:0:0:0:
64,192,80981,1,0,0:0:0:0:
448,192,81048,1,0,0:0:0:0:
320,192,81116,1,0,0:0:0:0:
64,192,81116,1,0,0:0:0:0:
192,192,81183,1,0,0:0:0:0:
448,192,81251,1,0,0:0:0:0:
320,192,81251,1,0,0:0:0:0:
192,192,81318,1,0,0:0:0:0:
448,192,81385,1,0,0:0:0:0:
64,192,81385,1,0,0:0:0:0:
320,192,81453,1,0,0:0:0:0:
448,192,81520,1,0,0:0:0:0:
192,192,81520,1,0,0:0:0:0:
64,192,81588,1,0,0:0:0:0:
320,192,81655,1,0,0:0:0:0:
192,192,81655,1,0,0:0:0:0:
448,192,81723,1,0,0:0:0:0:
320,192,81790,1,0,0:0:0:0:
64,192,81790,1,0,0:0:0:0:
192,192,81857,1,0,0:0:0:0:
448,192,81925,1,0,0:0:0:0:
192,192,82060,1,0,0:0:0:0:
448,192,82194,1,0,0:0:0:0:
64,192,82194,1,0,0:0:0:0:
192,192,82262,1,0,0:0:0:0:
320,192,82329,1,0,0:0:0:0:
64,192,82329,1,0,0:0:0:0:
448,192,82397,1,0,0:0:0:0:
192,192,82464,1,0,0:0:0:0:
64,192,82464,1,0,0:0:0:0:
320,192,82531,1,0,0:0:0:0:
448,192,82599,1,0,0:0:0:0:
64,192,82599,1,0,0:0:0:0:
192,192,82666,1,0,0:0:0:0:
448,192,82734,1,0,0:0:0:0:
320,192,82734,1,0,0:0:0:0:
192,192,82801,1,0,0:0:0:0:
320,192,82869,1,0,0:0:0:0:
64,192,82869,1,0,0:0:0:0:
448,192,82936,1,0,0:0:0:0:
192,192,83003,1,0,0:0:0:0:
64,192,83003,1,0,0:0:0:0:
320,192,83071,1,0,0:0:0:0:
448,192,83138,1,0,0:0:0:0:
192,192,83138,1,0,0:0:0:0:
320,192,83206,1,0,0:0:0:0:
192,192,83273,1,0,0:0:0:0:
64,192,83273,1,0,0:0:0:0:
448,192,83340,1,0,0:0:0:0:
320,192,83408,1,0,0:0:0:0:
64,192,83408,1,0,0:0:0:0:
192,192,83475,1,0,0:0:0:0:
448,192,83543,1,0,0:0:0:0:
320,192,83543,1,0,0:0:0:0:
64,192,83610,1,0,0:0:0:0:
320,192,83677,1,0,0:0:0:0:
192,192,83677,1,0,0:0:0:0:
448,192,83745,1,0,0:0:0:0:
192,192,83812,1,0,0:0:0:0:
64,192,83812,1,0,0:0:0:0:
320,192,83880,1,0,0:0:0:0:
448,192,83947,1,0,0:0:0:0:
64,192,83947,1,0,0:0:0:0:
192,192,84015,1,0,0:0:0:0:
448,192,84082,1,0,0:0:0:0:
320,192,84082,1,0,0:0:0:0:
192,192,84149,1,0,0:0:0:0:
448,192,84217,1,0,0:0:0:0:
64,192,84217,1,0,0:0:0:0:
320,192,84284,1,0,0:0:0:0:
192,192,84352,1,0,0:0:0:0:
64,192,84352,1,0,0:0:0:0:
320,192,84419,1,0,0:0:0:0:
448,192,84486,1,0,0:0:0:0:
64,192,84486,1,0,0:0:0:0:
192,192,84554,1,0,0:0:0:0:
448,192,84621,1,0,0:0:0:0:
320,192,84621,1,0,0:0:0:0:
192,192,84689,1,0,0:0:0:0:
320,192,84756,1,0,0:0:0:0:
64,192,84756,1,0,0:0:0:0:
192,192,84823,1,0,0:0:0:0:
448,192,84891,1,0,0:0:0:0:
64,192,84891,1,0,0:0:0:0:
320,192,84958,1,0,0:0:0:0:
448,192,85026,1,0,0:0:0:0:
192,192,85026,1,0,0:0:0:0:
320,192,85093,1,0,0:0:0:0:
192,192,85161,1,0,0:0:0:0:
64,192,85161,1,0,0:0:0:0:
448,192,85228,1,0,0:0:0:0:
192,192,85295,1,0,0:0:0:0:
64,192,85295,1,0,0:0:0:0:
320,192,85363,1,0,0:0:0:0:
448,192,85430,1,0,0:0:0:0:
192,192,85430,1,0,0:0:0:0:
320,192,85498,1,0,0:0:0:0:
448,192,85565,1,0,0:0:0:0:
64,192,85565,1,0,0:0:0:0:
192,192,85632,1,0,0:0:0:0:
448,192,85700,1,0,0:0:0:0:
320,192,85700,1,0,0:0:0:0:
192,192,85767,1,0,0:0:0:0:
320,192,85835,1,0,0:0:0:0:
64,192,85835,1,0,0:0:0:0:
192,192,85902,1,0,0:0:0:0:
448,192,85970,1,0,0:0:0:0:
320,192,85970,1,0,0:0:0:0:
64,192,86037,1,0,0:0:0:0:
448,192,86104,1,0,0:0:0:0:
192,192,86104,1,0,0:0:0:0:
320,192,86172,1,0,0:0:0:0:
192,192,86239,1,0,0:0:0:0:
64,192,86239,1,0,0:0:0:0:
320,192,86307,1,0,0:0:0:0:
64,192,86374,1,0,0:0:0:0:
448,192,86379,1,0,0:0:0:0:
192,192,86441,1,0,0:0:0:0:
320,192,86446,1,0,0:0:0:0:
64,192,86509,1,0,0:0:0:0:
448,192,86513,1,0,0:0:0:0:
192,192,86576,1,0,0:0:0:0:
448,192,86644,1,0,0:0:0:0:
320,192,86644,1,0,0:0:0:0:
64,192,86711,1,0,0:0:0:0:
448,192,86778,1,0,0:0:0:0:
192,192,86778,1,0,0:0:0:0:
320,192,86846,1,0,0:0:0:0:
192,192,86913,1,0,0:0:0:0:
64,192,86913,1,0,0:0:0:0:
448,192,86981,1,0,0:0:0:0:
320,192,87048,1,0,0:0:0:0:
192,192,87048,1,0,0:0:0:0:
64,192,87114,1,0,0:0:0:0:
448,192,87183,1,0,0:0:0:0:
192,192,87183,1,0,0:0:0:0:
320,192,87250,1,0,0:0:0:0:
192,192,87318,1,0,0:0:0:0:
64,192,87318,1,0,0:0:0:0:
448,192,87385,1,0,0:0:0:0:
320,192,87453,1,0,0:0:0:0:
64,192,87453,1,0,0:0:0:0:
192,192,87520,1,0,0:0:0:0:
448,192,87587,1,0,0:0:0:0:
320,192,87587,1,0,0:0:0:0:
64,192,87655,1,0,0:0:0:0:
320,192,87722,1,0,0:0:0:0:
192,192,87722,1,0,0:0:0:0:
64,192,87790,1,0,0:0:0:0:
448,192,87857,1,0,0:0:0:0:
320,192,87857,1,0,0:0:0:0:
192,192,87924,1,0,0:0:0:0:
320,192,87992,1,0,0:0:0:0:
64,192,87992,1,0,0:0:0:0:
192,192,88059,1,0,0:0:0:0:
448,192,88127,1,0,0:0:0:0:
64,192,88127,1,0,0:0:0:0:
320,192,88194,1,0,0:0:0:0:
448,192,88260,1,0,0:0:0:0:
192,192,88260,1,0,0:0:0:0:
320,192,88329,1,0,0:0:0:0:
192,192,88396,1,0,0:0:0:0:
64,192,88396,1,0,0:0:0:0:
448,192,88464,1,0,0:0:0:0:
320,192,88531,1,0,0:0:0:0:
64,192,88531,1,0,0:0:0:0:
192,192,88599,1,0,0:0:0:0:
448,192,88666,1,0,0:0:0:0:
64,192,88666,1,0,0:0:0:0:
192,192,88733,1,0,0:0:0:0:
448,192,88801,1,0,0:0:0:0:
320,192,88801,1,0,0:0:0:0:
64,192,88868,1,0,0:0:0:0:
320,192,88936,1,0,0:0:0:0:
192,192,88936,1,0,0:0:0:0:
448,192,89003,1,0,0:0:0:0:
192,192,89070,1,0,0:0:0:0:
64,192,89070,1,0,0:0:0:0:
320,192,89138,1,0,0:0:0:0:
448,192,89205,1,0,0:0:0:0:
64,192,89205,1,0,0:0:0:0:
192,192,89273,1,0,0:0:0:0:
448,192,89340,1,0,0:0:0:0:
320,192,89340,1,0,0:0:0:0:
64,192,89406,1,0,0:0:0:0:
320,192,89475,1,0,0:0:0:0:
192,192,89475,1,0,0:0:0:0:
448,192,89542,1,0,0:0:0:0:
320,192,89610,1,0,0:0:0:0:
64,192,89610,1,0,0:0:0:0:
192,192,89677,1,0,0:0:0:0:
448,192,89745,1,0,0:0:0:0:
64,192,89745,1,0,0:0:0:0:
320,192,89812,1,0,0:0:0:0:
192,192,89879,1,0,0:0:0:0:
64,192,89879,1,0,0:0:0:0:
320,192,89947,1,0,0:0:0:0:
448,192,90014,1,0,0:0:0:0:
64,192,90014,1,0,0:0:0:0:
192,192,90082,1,0,0:0:0:0:
448,192,90149,1,0,0:0:0:0:
320,192,90149,1,0,0:0:0:0:
192,192,90216,1,0,0:0:0:0:
320,192,90284,1,0,0:0:0:0:
64,192,90284,1,0,0:0:0:0:
448,192,90351,1,0,0:0:0:0:
320,192,90419,1,0,0:0:0:0:
64,192,90419,1,0,0:0:0:0:
448,192,90486,1,0,0:0:0:0:
192,192,90552,1,0,0:0:0:0:
64,192,90552,1,0,0:0:0:0:
320,192,90621,1,0,0:0:0:0:
448,192,90688,1,0,0:0:0:0:
64,192,90693,1,0,0:0:0:0:
320,192,90756,1,0,0:0:0:0:
192,192,90760,1,0,0:0:0:0:
448,192,90823,1,0,0:0:0:0:
64,192,90828,1,0,0:0:0:0:
192,192,90889,1,0,0:0:0:0:
448,192,90958,1,0,0:0:0:0:
64,192,90958,1,0,0:0:0:0:
192,192,91025,1,0,0:0:0:0:
448,192,91093,1,0,0:0:0:0:
320,192,91093,1,0,0:0:0:0:
64,192,91160,1,0,0:0:0:0:
320,192,91228,1,0,0:0:0:0:
192,192,91228,1,0,0:0:0:0:
448,192,91295,1,0,0:0:0:0:
192,192,91362,1,0,0:0:0:0:
64,192,91362,1,0,0:0:0:0:
320,192,91430,1,0,0:0:0:0:
448,192,91497,1,0,0:0:0:0:
64,192,91497,1,0,0:0:0:0:
192,192,91565,1,0,0:0:0:0:
448,192,91632,1,0,0:0:0:0:
320,192,91632,1,0,0:0:0:0:
192,192,91698,1,0,0:0:0:0:
320,192,91767,1,0,0:0:0:0:
64,192,91767,1,0,0:0:0:0:
448,192,91834,1,0,0:0:0:0:
192,192,91902,1,0,0:0:0:0:
64,192,91902,1,0,0:0:0:0:
320,192,91969,1,0,0:0:0:0:
448,192,92035,1,0,0:0:0:0:
64,192,92035,1,0,0:0:0:0:
320,192,92104,1,0,0:0:0:0:
448,192,92171,1,0,0:0:0:0:
192,192,92171,1,0,0:0:0:0:
64,192,92239,1,0,0:0:0:0:
448,192,92306,1,0,0:0:0:0:
320,192,92306,1,0,0:0:0:0:
192,192,92372,1,0,0:0:0:0:
448,192,92441,1,0,0:0:0:0:
320,192,92441,1,0,0:0:0:0:
192,192,92508,1,0,0:0:0:0:
320,192,92576,1,0,0:0:0:0:
64,192,92576,1,0,0:0:0:0:
192,192,92643,1,0,0:0:0:0:
448,192,92711,1,0,0:0:0:0:
64,192,92711,1,0,0:0:0:0:
320,192,92778,1,0,0:0:0:0:
448,192,92844,1,0,0:0:0:0:
192,192,92844,1,0,0:0:0:0:
320,192,92913,1,0,0:0:0:0:
192,192,92980,1,0,0:0:0:0:
64,192,92980,1,0,0:0:0:0:
320,192,93048,1,0,0:0:0:0:
448,192,93115,1,0,0:0:0:0:
64,192,93115,1,0,0:0:0:0:
192,192,93181,1,0,0:0:0:0:
448,192,93250,1,0,0:0:0:0:
320,192,93250,1,0,0:0:0:0:
192,192,93317,1,0,0:0:0:0:
320,192,93385,1,0,0:0:0:0:
64,192,93385,1,0,0:0:0:0:
448,192,93452,1,0,0:0:0:0:
192,192,93520,1,0,0:0:0:0:
64,192,93520,1,0,0:0:0:0:
320,192,93587,1,0,0:0:0:0:
448,192,93654,1,0,0:0:0:0:
192,192,93654,1,0,0:0:0:0:
320,192,93722,1,0,0:0:0:0:
448,192,93789,1,0,0:0:0:0:
64,192,93789,1,0,0:0:0:0:
192,192,93857,1,0,0:0:0:0:
320,192,93924,1,0,0:0:0:0:
64,192,93924,1,0,0:0:0:0:
192,192,93990,1,0,0:0:0:0:
448,192,94059,1,0,0:0:0:0:
320,192,94059,1,0,0:0:0:0:
192,192,94126,1,0,0:0:0:0:
448,192,94194,1,0,0:0:0:0:
64,192,94194,1,0,0:0:0:0:
320,192,94261,1,0,0:0:0:0:
192,192,94327,1,0,0:0:0:0:
64,192,94327,1,0,0:0:0:0:
448,192,94396,1,0,0:0:0:0:
320,192,94463,1,0,0:0:0:0:
64,192,94463,1,0,0:0:0:0:
192,192,94531,1,0,0:0:0:0:
448,192,94598,1,0,0:0:0:0:
320,192,94598,1,0,0:0:0:0:
64,192,94664,1,0,0:0:0:0:
448,192,94733,1,0,0:0:0:0:
320,192,94733,1,0,0:0:0:0:
192,192,94800,1,0,0:0:0:0:
320,192,94868,1,0,0:0:0:0:
64,192,94868,1,0,0:0:0:0:
192,192,94935,1,0,0:0:0:0:
448,192,95003,1,0,0:0:0:0:
64,192,95007,1,0,0:0:0:0:
192,192,95070,1,0,0:0:0:0:
320,192,95075,1,0,0:0:0:0:
64,192,95136,1,0,0:0:0:0:
448,192,95142,1,0,0:0:0:0:
320,192,95205,1,0,0:0:0:0:
448,192,95272,1,0,0:0:0:0:
64,192,95272,1,0,0:0:0:0:
192,192,95340,1,0,0:0:0:0:
320,192,95407,1,0,0:0:0:0:
64,192,95407,1,0,0:0:0:0:
192,192,95473,1,0,0:0:0:0:
448,192,95542,1,0,0:0:0:0:
320,192,95542,1,0,0:0:0:0:
64,192,95609,1,0,0:0:0:0:
320,192,95677,1,0,0:0:0:0:
192,192,95677,1,0,0:0:0:0:
448,192,95744,1,0,0:0:0:0:
320,192,95810,1,0,0:0:0:0:
64,192,95810,1,0,0:0:0:0:
192,192,95879,1,0,0:0:0:0:
448,192,95946,1,0,0:0:0:0:
320,192,95946,1,0,0:0:0:0:
192,192,96014,1,0,0:0:0:0:
448,192,96081,1,0,0:0:0:0:
64,192,96081,1,0,0:0:0:0:
320,192,96147,1,0,0:0:0:0:
192,192,96216,1,0,0:0:0:0:
64,192,96216,1,0,0:0:0:0:
320,192,96282,1,0,0:0:0:0:
448,192,96351,1,0,0:0:0:0:
64,192,96351,1,0,0:0:0:0:
192,192,96418,1,0,0:0:0:0:
448,192,96484,1,0,0:0:0:0:
320,192,96484,1,0,0:0:0:0:
192,192,96553,1,0,0:0:0:0:
320,192,96619,1,0,0:0:0:0:
64,192,96619,1,0,0:0:0:0:
448,192,96688,1,0,0:0:0:0:
192,192,96755,1,0,0:0:0:0:
64,192,96755,1,0,0:0:0:0:
320,192,96823,1,0,0:0:0:0:
448,192,96890,1,0,0:0:0:0:
64,192,96890,1,0,0:0:0:0:
192,192,96956,1,0,0:0:0:0:
448,192,97025,1,0,0:0:0:0:
320,192,97025,1,0,0:0:0:0:
192,192,97093,1,0,0:0:0:0:
320,192,97160,1,0,0:0:0:0:
64,192,97160,1,0,0:0:0:0:
192,192,97227,1,0,0:0:0:0:
448,192,97293,1,0,0:0:0:0:
64,192,97293,1,0,0:0:0:0:
320,192,97362,1,0,0:0:0:0:
448,192,97428,1,0,0:0:0:0:
192,192,97428,1,0,0:0:0:0:
320,192,97497,1,0,0:0:0:0:
192,192,97564,1,0,0:0:0:0:
64,192,97564,1,0,0:0:0:0:
448,192,97630,1,0,0:0:0:0:
320,192,97699,1,0,0:0:0:0:
192,192,97699,1,0,0:0:0:0:
64,192,97765,1,0,0:0:0:0:
448,192,97834,1,0,0:0:0:0:
320,192,97834,1,0,0:0:0:0:
192,192,97901,1,0,0:0:0:0:
320,192,97967,1,0,0:0:0:0:
64,192,97967,1,0,0:0:0:0:
192,192,98036,1,0,0:0:0:0:
448,192,98102,1,0,0:0:0:0:
64,192,98102,1,0,0:0:0:0:
320,192,98171,1,0,0:0:0:0:
192,192,98237,1,0,0:0:0:0:
64,192,98237,1,0,0:0:0:0:
448,192,98304,1,0,0:0:0:0:
320,192,98373,1,0,0:0:0:0:
192,192,98373,1,0,0:0:0:0:
64,192,98439,1,0,0:0:0:0:
448,192,98508,1,0,0:0:0:0:
320,192,98508,1,0,0:0:0:0:
192,192,98574,1,0,0:0:0:0:
448,192,98643,1,0,0:0:0:0:
64,192,98643,1,0,0:0:0:0:
320,192,98710,1,0,0:0:0:0:
448,192,98778,1,0,0:0:0:0:
192,192,98778,1,0,0:0:0:0:
320,192,98845,1,0,0:0:0:0:
64,192,98913,1,0,0:0:0:0:
192,192,98918,1,0,0:0:0:0:
320,192,98980,1,0,0:0:0:0:
448,192,98985,1,0,0:0:0:0:
64,192,99047,1,0,0:0:0:0:
192,192,99053,1,0,0:0:0:0:
320,192,99115,1,0,0:0:0:0:
448,192,99120,1,0,0:0:0:0:
64,192,99182,1,0,0:0:0:0:
192,192,99188,1,0,0:0:0:0:
320,192,99250,1,0,0:0:0:0:
448,192,99255,1,0,0:0:0:0:
64,192,99317,1,0,0:0:0:0:
192,192,99323,1,0,0:0:0:0:
320,192,99385,1,0,0:0:0:0:
448,192,99390,1,0,0:0:0:0:
192,192,99452,1,0,0:0:0:0:
64,192,99452,1,0,0:0:0:0:
