osu file format v14

[General]
AudioFilename: audio.mp3
AudioLeadIn: 0
PreviewTime: 73403
Countdown: 0
SampleSet: Soft
StackLeniency: 0.7
Mode: 3
LetterboxInBreaks: 0
SpecialStyle: 0
WidescreenStoryboard: 0

[Editor]
DistanceSpacing: 0.2
BeatDivisor: 4
GridSize: 32
TimelineZoom: 2.2

[Metadata]
Title:Sendan Life (katagiri Bootleg)
TitleUnicode:センダンライフ (katagiri Bootleg)
Artist:katagiri
ArtistUnicode:かたぎり
Creator:LaoXiao-
Version:Chord Life [130]
Source:
Tags:chordjack
BeatmapID:2442466
BeatmapSetID:1170842

[Difficulty]
HPDrainRate:8
CircleSize:4
OverallDifficulty:8
ApproachRate:5
SliderMultiplier:1.4
SliderTickRate:1

[Events]
//Background and Video events
0,0,"sendanBG.jpg",0,0
//Break Periods
//Storyboard Layer 0 (Background)
//Storyboard Layer 1 (Fail)
//Storyboard Layer 2 (Pass)
//Storyboard Layer 3 (Foreground)
//Storyboard Layer 4 (Overlay)
//Storyboard Sound Samples

[TimingPoints]
32900,230.769230769231,4,2,0,20,1,0
33250,230.769230769231,4,2,0,20,1,0


[HitObjects]
64,192,32900,5,0,0:0:0:0:
192,192,32929,1,0,0:0:0:0:
320,192,32958,1,0,0:0:0:0:
448,192,32987,1,0,0:0:0:0:
64,192,33016,1,0,0:0:0:0:
192,192,33045,1,0,0:0:0:0:
320,192,33073,1,0,0:0:0:0:
448,192,33102,1,0,0:0:0:0:
64,192,33131,1,0,0:0:0:0:
192,192,33160,1,0,0:0:0:0:
320,192,33189,1,0,0:0:0:0:
192,192,33250,1,0,0:0:0:0:
64,192,33250,1,0,0:0:0:0:
448,192,33250,1,0,0:0:0:0:
320,192,33480,1,0,0:0:0:0:
448,192,33480,1,0,0:0:0:0:
64,192,33480,1,0,0:0:0:0:
192,192,33711,1,0,0:0:0:0:
448,192,33711,1,0,0:0:0:0:
320,192,33711,1,0,0:0:0:0:
320,192,33826,1,0,0:0:0:0:
448,192,33826,1,0,0:0:0:0:
64,192,33826,1,0,0:0:0:0:
448,192,34057,1,0,0:0:0:0:
192,192,34057,1,0,0:0:0:0:
64,192,34057,1,0,0:0:0:0:
320,192,34288,1,0,0:0:0:0:
192,192,34288,1,0,0:0:0:0:
64,192,34288,1,0,0:0:0:0:
320,192,34519,1,0,0:0:0:0:
448,192,34519,1,0,0:0:0:0:
64,192,34519,1,0,0:0:0:0:
192,192,34634,1,0,0:0:0:0:
448,192,34634,1,0,0:0:0:0:
192,192,34750,1,0,0:0:0:0:
64,192,34750,1,0,0:0:0:0:
320,192,34750,1,0,0:0:0:0:
320,192,34865,1,0,0:0:0:0:
64,192,34865,1,0,0:0:0:0:
320,192,35096,1,0,0:0:0:0:
448,192,35096,1,0,0:0:0:0:
192,192,35096,1,0,0:0:0:0:
192,192,35326,1,0,0:0:0:0:
64,192,35326,1,0,0:0:0:0:
448,192,35326,1,0,0:0:0:0:
320,192,35557,1,0,0:0:0:0:
64,192,35557,1,0,0:0:0:0:
192,192,35557,1,0,0:0:0:0:
192,192,35673,1,0,0:0:0:0:
64,192,35673,1,0,0:0:0:0:
448,192,35673,1,0,0:0:0:0:
64,192,35903,1,0,0:0:0:0:
320,192,35903,1,0,0:0:0:0:
448,192,35903,1,0,0:0:0:0:
320,192,36134,1,0,0:0:0:0:
192,192,36134,1,0,0:0:0:0:
448,192,36134,1,0,0:0:0:0:
192,192,36365,1,0,0:0:0:0:
64,192,36365,1,0,0:0:0:0:
320,192,36423,1,0,0:0:0:0:
448,192,36423,1,0,0:0:0:0:
192,192,36480,1,0,0:0:0:0:
64,192,36480,1,0,0:0:0:0:
64,192,36596,1,0,0:0:0:0:
448,192,36596,1,0,0:0:0:0:
320,192,36596,1,0,0:0:0:0:
320,192,36711,1,0,0:0:0:0:
192,192,36711,1,0,0:0:0:0:
448,192,36711,1,0,0:0:0:0:
64,192,36942,1,0,0:0:0:0:
448,192,36942,1,0,0:0:0:0:
320,192,36942,1,0,0:0:0:0:
192,192,37057,1,0,0:0:0:0:
64,192,37057,1,0,0:0:0:0:
64,192,37173,1,0,0:0:0:0:
192,192,37173,1,0,0:0:0:0:
320,192,37173,1,0,0:0:0:0:
448,192,37288,1,0,0:0:0:0:
192,192,37288,1,0,0:0:0:0:
320,192,37403,1,0,0:0:0:0:
448,192,37403,1,0,0:0:0:0:
64,192,37403,1,0,0:0:0:0:
320,192,37519,1,0,0:0:0:0:
192,192,37519,1,0,0:0:0:0:
192,192,37634,1,0,0:0:0:0:
64,192,37634,1,0,0:0:0:0:
448,192,37634,1,0,0:0:0:0:
64,192,37750,1,0,0:0:0:0:
320,192,37750,1,0,0:0:0:0:
192,192,37865,1,0,0:0:0:0:
320,192,37865,1,0,0:0:0:0:
448,192,37865,1,0,0:0:0:0:
192,192,37980,1,0,0:0:0:0:
448,192,37980,1,0,0:0:0:0:
320,192,38096,1,0,0:0:0:0:
192,192,38096,1,0,0:0:0:0:
64,192,38096,1,0,0:0:0:0:
448,192,38211,1,0,0:0:0:0:
64,192,38211,1,0,0:0:0:0:
192,192,38326,1,0,0:0:0:0:
320,192,38326,1,0,0:0:0:0:
448,192,38326,1,0,0:0:0:0:
64,192,38442,1,0,0:0:0:0:
320,192,38442,1,0,0:0:0:0:
192,192,38557,1,0,0:0:0:0:
448,192,38557,1,0,0:0:0:0:
64,192,38557,1,0,0:0:0:0:
64,192,38673,1,0,0:0:0:0:
192,192,38673,1,0,0:0:0:0:
320,192,38673,1,0,0:0:0:0:
320,192,38788,1,0,0:0:0:0:
448,192,38788,1,0,0:0:0:0:
64,192,38788,1,0,0:0:0:0:
192,192,38903,1,0,0:0:0:0:
320,192,38903,1,0,0:0:0:0:
448,192,38903,1,0,0:0:0:0:
192,192,39019,1,0,0:0:0:0:
448,192,39019,1,0,0:0:0:0:
64,192,39019,1,0,0:0:0:0:
64,192,39134,1,0,0:0:0:0:
320,192,39134,1,0,0:0:0:0:
448,192,39250,1,0,0:0:0:0:
192,192,39250,1,0,0:0:0:0:
64,192,39250,1,0,0:0:0:0:
192,192,39365,1,0,0:0:0:0:
320,192,39365,1,0,0:0:0:0:
64,192,39480,1,0,0:0:0:0:
448,192,39480,1,0,0:0:0:0:
320,192,39480,1,0,0:0:0:0:
192,192,39596,1,0,0:0:0:0:
448,192,39596,1,0,0:0:0:0:
320,192,39711,1,0,0:0:0:0:
448,192,39711,1,0,0:0:0:0:
192,192,39711,1,0,0:0:0:0:
64,192,39826,1,0,0:0:0:0:
320,192,39826,1,0,0:0:0:0:
64,192,39942,1,0,0:0:0:0:
192,192,39942,1,0,0:0:0:0:
448,192,39942,1,0,0:0:0:0:
192,192,40057,1,0,0:0:0:0:
448,192,40057,1,0,0:0:0:0:
64,192,40173,1,0,0:0:0:0:
320,192,40173,1,0,0:0:0:0:
448,192,40173,1,0,0:0:0:0:
192,192,40288,1,0,0:0:0:0:
320,192,40288,1,0,0:0:0:0:
192,192,40403,1,0,0:0:0:0:
64,192,40403,1,0,0:0:0:0:
448,192,40403,1,0,0:0:0:0:
64,192,40519,1,0,0:0:0:0:
448,192,40519,1,0,0:0:0:0:
192,192,40519,1,0,0:0:0:0:
320,192,40634,1,0,0:0:0:0:
448,192,40634,1,0,0:0:0:0:
64,192,40634,1,0,0:0:0:0:
192,192,40750,1,0,0:0:0:0:
320,192,40750,1,0,0:0:0:0:
192,192,40865,1,0,0:0:0:0:
64,192,40865,1,0,0:0:0:0:
448,192,40865,1,0,0:0:0:0:
64,192,40980,1,0,0:0:0:0:
320,192,40980,1,0,0:0:0:0:
192,192,41096,1,0,0:0:0:0:
320,192,41096,1,0,0:0:0:0:
64,192,41096,1,0,0:0:0:0:
448,192,41211,1,0,0:0:0:0:
192,192,41211,1,0,0:0:0:0:
320,192,41326,1,0,0:0:0:0:
64,192,41326,1,0,0:0:0:0:
448,192,41326,1,0,0:0:0:0:
192,192,41442,1,0,0:0:0:0:
320,192,41442,1,0,0:0:0:0:
448,192,41557,1,0,0:0:0:0:
192,192,41557,1,0,0:0:0:0:
64,192,41557,1,0,0:0:0:0:
192,192,41673,1,0,0:0:0:0:
320,192,41673,1,0,0:0:0:0:
320,192,41788,1,0,0:0:0:0:
448,192,41788,1,0,0:0:0:0:
64,192,41788,1,0,0:0:0:0:
448,192,41903,1,0,0:0:0:0:
192,192,41903,1,0,0:0:0:0:
64,192,42019,1,0,0:0:0:0:
192,192,42019,1,0,0:0:0:0:
320,192,42019,1,0,0:0:0:0:
448,192,42134,1,0,0:0:0:0:
64,192,42134,1,0,0:0:0:0:
320,192,42250,1,0,0:0:0:0:
448,192,42250,1,0,0:0:0:0:
192,192,42250,1,0,0:0:0:0:
192,192,42365,1,0,0:0:0:0:
320,192,42365,1,0,0:0:0:0:
448,192,42365,1,0,0:0:0:0:
448,192,42480,1,0,0:0:0:0:
64,192,42480,1,0,0:0:0:0:
320,192,42480,1,0,0:0:0:0:
64,192,42596,1,0,0:0:0:0:
192,192,42596,1,0,0:0:0:0:
320,192,42596,1,0,0:0:0:0:
192,192,42711,1,0,0:0:0:0:
64,192,42711,1,0,0:0:0:0:
448,192,42711,1,0,0:0:0:0:
64,192,42826,1,0,0:0:0:0:
320,192,42826,1,0,0:0:0:0:
192,192,42942,1,0,0:0:0:0:
320,192,42942,1,0,0:0:0:0:
448,192,42942,1,0,0:0:0:0:
192,192,43057,1,0,0:0:0:0:
448,192,43057,1,0,0:0:0:0:
192,192,43173,1,0,0:0:0:0:
64,192,43173,1,0,0:0:0:0:
320,192,43173,1,0,0:0:0:0:
192,192,43288,1,0,0:0:0:0:
64,192,43288,1,0,0:0:0:0:
320,192,43403,1,0,0:0:0:0:
448,192,43403,1,0,0:0:0:0:
64,192,43403,1,0,0:0:0:0:
320,192,43519,1,0,0:0:0:0:
448,192,43519,1,0,0:0:0:0:
192,192,43576,1,0,0:0:0:0:
64,192,43576,1,0,0:0:0:0:
320,192,43634,1,0,0:0:0:0:
448,192,43634,1,0,0:0:0:0:
192,192,43750,1,0,0:0:0:0:
64,192,43750,1,0,0:0:0:0:
448,192,43750,1,0,0:0:0:0:
320,192,43865,1,0,0:0:0:0:
192,192,43865,1,0,0:0:0:0:
64,192,43865,1,0,0:0:0:0:
320,192,43980,1,0,0:0:0:0:
448,192,43980,1,0,0:0:0:0:
64,192,43980,1,0,0:0:0:0:
192,192,44096,1,0,0:0:0:0:
64,192,44096,1,0,0:0:0:0:
448,192,44153,1,0,0:0:0:0:
320,192,44153,1,0,0:0:0:0:
192,192,44211,1,0,0:0:0:0:
64,192,44211,1,0,0:0:0:0:
320,192,44269,1,0,0:0:0:0:
448,192,44269,1,0,0:0:0:0:
192,192,44326,1,0,0:0:0:0:
64,192,44326,1,0,0:0:0:0:
448,192,44557,1,0,0:0:0:0:
320,192,44557,1,0,0:0:0:0:
64,192,44557,1,0,0:0:0:0:
320,192,44673,1,0,0:0:0:0:
192,192,44788,1,0,0:0:0:0:
64,192,44788,1,0,0:0:0:0:
192,192,44903,1,0,0:0:0:0:
448,192,45019,1,0,0:0:0:0:
64,192,45019,1,0,0:0:0:0:
320,192,45019,1,0,0:0:0:0:
448,192,45134,1,0,0:0:0:0:
64,192,45250,1,0,0:0:0:0:
192,192,45250,1,0,0:0:0:0:
192,192,45365,1,0,0:0:0:0:
320,192,45480,1,0,0:0:0:0:
448,192,45480,1,0,0:0:0:0:
192,192,45480,1,0,0:0:0:0:
448,192,45596,1,0,0:0:0:0:
320,192,45711,1,0,0:0:0:0:
192,192,45711,1,0,0:0:0:0:
64,192,45826,1,0,0:0:0:0:
192,192,45942,1,0,0:0:0:0:
448,192,45942,1,0,0:0:0:0:
64,192,45942,1,0,0:0:0:0:
320,192,46057,1,0,0:0:0:0:
448,192,46173,1,0,0:0:0:0:
320,192,46173,1,0,0:0:0:0:
64,192,46288,1,0,0:0:0:0:
64,192,46403,1,0,0:0:0:0:
320,192,46403,1,0,0:0:0:0:
192,192,46403,1,0,0:0:0:0:
448,192,46519,1,0,0:0:0:0:
320,192,46634,1,0,0:0:0:0:
448,192,46634,1,0,0:0:0:0:
64,192,46750,1,0,0:0:0:0:
192,192,46865,1,0,0:0:0:0:
320,192,46865,1,0,0:0:0:0:
64,192,46865,1,0,0:0:0:0:
192,192,46980,1,0,0:0:0:0:
448,192,47096,1,0,0:0:0:0:
320,192,47096,1,0,0:0:0:0:
448,192,47211,1,0,0:0:0:0:
64,192,47326,1,0,0:0:0:0:
320,192,47326,1,0,0:0:0:0:
192,192,47326,1,0,0:0:0:0:
192,192,47442,1,0,0:0:0:0:
64,192,47557,1,0,0:0:0:0:
192,192,47557,1,0,0:0:0:0:
64,192,47673,1,0,0:0:0:0:
320,192,47788,1,0,0:0:0:0:
448,192,47788,1,0,0:0:0:0:
192,192,47788,1,0,0:0:0:0:
320,192,47903,1,0,0:0:0:0:
448,192,47903,1,0,0:0:0:0:
64,192,47903,1,0,0:0:0:0:
64,192,48019,1,0,0:0:0:0:
320,192,48019,1,0,0:0:0:0:
448,192,48019,1,0,0:0:0:0:
192,192,48250,1,0,0:0:0:0:
64,192,48250,1,0,0:0:0:0:
320,192,48250,1,0,0:0:0:0:
64,192,48365,1,0,0:0:0:0:
192,192,48480,1,0,0:0:0:0:
320,192,48480,1,0,0:0:0:0:
192,192,48596,1,0,0:0:0:0:
320,192,48711,1,0,0:0:0:0:
448,192,48711,1,0,0:0:0:0:
64,192,48711,1,0,0:0:0:0:
320,192,48826,1,0,0:0:0:0:
192,192,48942,1,0,0:0:0:0:
448,192,48942,1,0,0:0:0:0:
448,192,49057,1,0,0:0:0:0:
320,192,49173,1,0,0:0:0:0:
448,192,49173,1,0,0:0:0:0:
64,192,49173,1,0,0:0:0:0:
192,192,49288,1,0,0:0:0:0:
192,192,49403,1,0,0:0:0:0:
64,192,49403,1,0,0:0:0:0:
64,192,49519,1,0,0:0:0:0:
192,192,49634,1,0,0:0:0:0:
320,192,49634,1,0,0:0:0:0:
448,192,49634,1,0,0:0:0:0:
320,192,49750,1,0,0:0:0:0:
64,192,49865,1,0,0:0:0:0:
448,192,49865,1,0,0:0:0:0:
192,192,49980,1,0,0:0:0:0:
192,192,50096,1,0,0:0:0:0:
64,192,50096,1,0,0:0:0:0:
320,192,50096,1,0,0:0:0:0:
448,192,50211,1,0,0:0:0:0:
448,192,50326,1,0,0:0:0:0:
64,192,50326,1,0,0:0:0:0:
320,192,50442,1,0,0:0:0:0:
64,192,50557,1,0,0:0:0:0:
192,192,50557,1,0,0:0:0:0:
448,192,50557,1,0,0:0:0:0:
320,192,50673,1,0,0:0:0:0:
192,192,50788,1,0,0:0:0:0:
320,192,50788,1,0,0:0:0:0:
192,192,50903,1,0,0:0:0:0:
320,192,50903,1,0,0:0:0:0:
64,192,51019,5,0,0:0:0:0:
448,192,51019,1,0,0:0:0:0:
64,192,51250,1,0,0:0:0:0:
448,192,51250,1,0,0:0:0:0:
64,192,51365,1,0,0:0:0:0:
448,192,51365,1,0,0:0:0:0:
64,192,51480,1,0,0:0:0:0:
448,192,51480,1,0,0:0:0:0:
192,192,51538,1,0,0:0:0:0:
320,192,51538,1,0,0:0:0:0:
64,192,51596,1,0,0:0:0:0:
448,192,51596,1,0,0:0:0:0:
320,192,51711,1,0,0:0:0:0:
192,192,51711,1,0,0:0:0:0:
64,192,51711,1,0,0:0:0:0:
448,192,51711,1,0,0:0:0:0:
448,192,51942,1,0,0:0:0:0:
64,192,51942,1,0,0:0:0:0:
320,192,51942,1,0,0:0:0:0:
192,192,52057,1,0,0:0:0:0:
192,192,52173,1,0,0:0:0:0:
64,192,52173,1,0,0:0:0:0:
320,192,52173,1,0,0:0:0:0:
320,192,52288,1,0,0:0:0:0:
448,192,52403,1,0,0:0:0:0:
64,192,52403,1,0,0:0:0:0:
320,192,52403,1,0,0:0:0:0:
448,192,52519,1,0,0:0:0:0:
64,192,52634,1,0,0:0:0:0:
192,192,52634,1,0,0:0:0:0:
448,192,52634,1,0,0:0:0:0:
192,192,52750,1,0,0:0:0:0:
320,192,52865,1,0,0:0:0:0:
448,192,52865,1,0,0:0:0:0:
64,192,52865,1,0,0:0:0:0:
320,192,52980,1,0,0:0:0:0:
192,192,53096,1,0,0:0:0:0:
64,192,53096,1,0,0:0:0:0:
448,192,53096,1,0,0:0:0:0:
192,192,53211,1,0,0:0:0:0:
320,192,53326,1,0,0:0:0:0:
192,192,53326,1,0,0:0:0:0:
64,192,53326,1,0,0:0:0:0:
320,192,53442,1,0,0:0:0:0:
448,192,53442,1,0,0:0:0:0:
64,192,53442,1,0,0:0:0:0:
448,192,53557,1,0,0:0:0:0:
320,192,53557,1,0,0:0:0:0:
192,192,53557,1,0,0:0:0:0:
64,192,53673,1,0,0:0:0:0:
64,192,53788,1,0,0:0:0:0:
320,192,53788,1,0,0:0:0:0:
192,192,53788,1,0,0:0:0:0:
448,192,53903,1,0,0:0:0:0:
320,192,54019,1,0,0:0:0:0:
448,192,54019,1,0,0:0:0:0:
192,192,54019,1,0,0:0:0:0:
64,192,54134,1,0,0:0:0:0:
192,192,54250,1,0,0:0:0:0:
320,192,54250,1,0,0:0:0:0:
64,192,54250,1,0,0:0:0:0:
192,192,54365,1,0,0:0:0:0:
448,192,54480,1,0,0:0:0:0:
320,192,54480,1,0,0:0:0:0:
64,192,54480,1,0,0:0:0:0:
448,192,54596,1,0,0:0:0:0:
64,192,54711,1,0,0:0:0:0:
448,192,54711,1,0,0:0:0:0:
192,192,54711,1,0,0:0:0:0:
320,192,54826,1,0,0:0:0:0:
192,192,54942,1,0,0:0:0:0:
64,192,54942,1,0,0:0:0:0:
320,192,54942,1,0,0:0:0:0:
64,192,55057,1,0,0:0:0:0:
64,192,55173,1,0,0:0:0:0:
448,192,55173,1,0,0:0:0:0:
320,192,55173,1,0,0:0:0:0:
192,192,55288,1,0,0:0:0:0:
320,192,55288,1,0,0:0:0:0:
448,192,55288,1,0,0:0:0:0:
320,192,55403,1,0,0:0:0:0:
448,192,55403,1,0,0:0:0:0:
192,192,55403,1,0,0:0:0:0:
64,192,55519,1,0,0:0:0:0:
192,192,55519,1,0,0:0:0:0:
448,192,55519,1,0,0:0:0:0:
64,192,55634,1,0,0:0:0:0:
192,192,55634,1,0,0:0:0:0:
320,192,55634,1,0,0:0:0:0:
64,192,55750,1,0,0:0:0:0:
192,192,55865,1,0,0:0:0:0:
320,192,55865,1,0,0:0:0:0:
448,192,55865,1,0,0:0:0:0:
192,192,55980,1,0,0:0:0:0:
320,192,56096,1,0,0:0:0:0:
64,192,56096,1,0,0:0:0:0:
448,192,56096,1,0,0:0:0:0:
448,192,56211,1,0,0:0:0:0:
320,192,56326,1,0,0:0:0:0:
64,192,56326,1,0,0:0:0:0:
192,192,56326,1,0,0:0:0:0:
192,192,56442,1,0,0:0:0:0:
320,192,56557,1,0,0:0:0:0:
448,192,56557,1,0,0:0:0:0:
64,192,56557,1,0,0:0:0:0:
320,192,56673,1,0,0:0:0:0:
64,192,56788,1,0,0:0:0:0:
448,192,56788,1,0,0:0:0:0:
192,192,56788,1,0,0:0:0:0:
64,192,56903,1,0,0:0:0:0:
192,192,57019,1,0,0:0:0:0:
448,192,57019,1,0,0:0:0:0:
320,192,57019,1,0,0:0:0:0:
192,192,57134,1,0,0:0:0:0:
320,192,57134,1,0,0:0:0:0:
448,192,57134,1,0,0:0:0:0:
320,192,57250,1,0,0:0:0:0:
448,192,57250,1,0,0:0:0:0:
64,192,57250,1,0,0:0:0:0:
64,192,57365,1,0,0:0:0:0:
64,192,57480,1,0,0:0:0:0:
192,192,57480,1,0,0:0:0:0:
320,192,57480,1,0,0:0:0:0:
320,192,57596,1,0,0:0:0:0:
64,192,57711,1,0,0:0:0:0:
192,192,57711,1,0,0:0:0:0:
448,192,57711,1,0,0:0:0:0:
192,192,57826,1,0,0:0:0:0:
192,192,57942,1,0,0:0:0:0:
320,192,57942,1,0,0:0:0:0:
448,192,57942,1,0,0:0:0:0:
448,192,58057,1,0,0:0:0:0:
320,192,58173,1,0,0:0:0:0:
448,192,58173,1,0,0:0:0:0:
64,192,58173,1,0,0:0:0:0:
320,192,58288,1,0,0:0:0:0:
192,192,58403,1,0,0:0:0:0:
64,192,58403,1,0,0:0:0:0:
320,192,58403,1,0,0:0:0:0:
64,192,58519,1,0,0:0:0:0:
64,192,58634,1,0,0:0:0:0:
192,192,58634,1,0,0:0:0:0:
448,192,58634,1,0,0:0:0:0:
192,192,58750,1,0,0:0:0:0:
192,192,58865,1,0,0:0:0:0:
320,192,58865,1,0,0:0:0:0:
448,192,58865,1,0,0:0:0:0:
320,192,58980,1,0,0:0:0:0:
448,192,58980,1,0,0:0:0:0:
64,192,58980,1,0,0:0:0:0:
192,192,59096,1,0,0:0:0:0:
64,192,59096,1,0,0:0:0:0:
448,192,59096,1,0,0:0:0:0:
448,192,59442,1,0,0:0:0:0:
320,192,59442,1,0,0:0:0:0:
192,192,59442,1,0,0:0:0:0:
64,192,59557,1,0,0:0:0:0:
192,192,59788,1,0,0:0:0:0:
64,192,59788,1,0,0:0:0:0:
64,192,60019,1,0,0:0:0:0:
448,192,60019,1,0,0:0:0:0:
448,192,60250,1,0,0:0:0:0:
320,192,60365,1,0,0:0:0:0:
192,192,60480,1,0,0:0:0:0:
64,192,60480,1,0,0:0:0:0:
448,192,60480,1,0,0:0:0:0:
320,192,60596,1,0,0:0:0:0:
64,192,60711,1,0,0:0:0:0:
192,192,60942,1,0,0:0:0:0:
64,192,60942,1,0,0:0:0:0:
320,192,60942,1,0,0:0:0:0:
192,192,61173,1,0,0:0:0:0:
64,192,61288,1,0,0:0:0:0:
320,192,61288,1,0,0:0:0:0:
448,192,61288,1,0,0:0:0:0:
192,192,61403,1,0,0:0:0:0:
320,192,61634,1,0,0:0:0:0:
448,192,61634,1,0,0:0:0:0:
192,192,61634,1,0,0:0:0:0:
64,192,61865,1,0,0:0:0:0:
192,192,61980,1,0,0:0:0:0:
320,192,62096,1,0,0:0:0:0:
448,192,62211,1,0,0:0:0:0:
64,192,62326,1,0,0:0:0:0:
192,192,62326,1,0,0:0:0:0:
320,192,62326,1,0,0:0:0:0:
192,192,62557,1,0,0:0:0:0:
64,192,62557,1,0,0:0:0:0:
448,192,62557,1,0,0:0:0:0:
320,192,62788,1,0,0:0:0:0:
448,192,62788,1,0,0:0:0:0:
64,192,62788,1,0,0:0:0:0:
192,192,63019,1,0,0:0:0:0:
192,192,63134,1,0,0:0:0:0:
64,192,63134,1,0,0:0:0:0:
320,192,63134,1,0,0:0:0:0:
448,192,63250,1,0,0:0:0:0:
320,192,63480,1,0,0:0:0:0:
448,192,63480,1,0,0:0:0:0:
64,192,63480,1,0,0:0:0:0:
192,192,63711,1,0,0:0:0:0:
64,192,63711,1,0,0:0:0:0:
320,192,63711,1,0,0:0:0:0:
64,192,64057,1,0,0:0:0:0:
64,192,64173,1,0,0:0:0:0:
448,192,64173,1,0,0:0:0:0:
320,192,64173,1,0,0:0:0:0:
320,192,64403,1,0,0:0:0:0:
448,192,64403,1,0,0:0:0:0:
192,192,64403,1,0,0:0:0:0:
448,192,64634,1,0,0:0:0:0:
192,192,64634,1,0,0:0:0:0:
64,192,64634,1,0,0:0:0:0:
320,192,64692,1,0,0:0:0:0:
192,192,64750,1,0,0:0:0:0:
64,192,64807,1,0,0:0:0:0:
448,192,64865,1,0,0:0:0:0:
320,192,64923,1,0,0:0:0:0:
192,192,64980,1,0,0:0:0:0:
64,192,64980,1,0,0:0:0:0:
448,192,64980,1,0,0:0:0:0:
320,192,65038,1,0,0:0:0:0:
192,192,65096,1,0,0:0:0:0:
448,192,65211,1,0,0:0:0:0:
320,192,65326,1,0,0:0:0:0:
64,192,65326,1,0,0:0:0:0:
192,192,65326,1,0,0:0:0:0:
192,192,65442,1,0,0:0:0:0:
320,192,65557,1,0,0:0:0:0:
448,192,65557,1,0,0:0:0:0:
64,192,65557,1,0,0:0:0:0:
192,192,65673,1,0,0:0:0:0:
448,192,65788,1,0,0:0:0:0:
320,192,65903,1,0,0:0:0:0:
64,192,65903,1,0,0:0:0:0:
192,192,66019,1,0,0:0:0:0:
64,192,66019,1,0,0:0:0:0:
448,192,66019,1,0,0:0:0:0:
320,192,66134,1,0,0:0:0:0:
448,192,66250,128,0,66365:0:0:0:0:
320,192,66365,1,0,0:0:0:0:
64,192,66365,1,0,0:0:0:0:
192,192,66365,1,0,0:0:0:0:
192,192,66480,1,0,0:0:0:0:
448,192,66480,1,0,0:0:0:0:
64,192,66480,1,0,0:0:0:0:
192,192,66596,1,0,0:0:0:0:
320,192,66711,1,0,0:0:0:0:
448,192,66711,1,0,0:0:0:0:
64,192,66711,1,0,0:0:0:0:
320,192,66826,1,0,0:0:0:0:
64,192,66942,1,0,0:0:0:0:
192,192,66942,1,0,0:0:0:0:
448,192,66942,1,0,0:0:0:0:
64,192,67057,1,0,0:0:0:0:
64,192,67173,1,0,0:0:0:0:
320,192,67173,1,0,0:0:0:0:
448,192,67173,1,0,0:0:0:0:
192,192,67288,1,0,0:0:0:0:
192,192,67403,1,0,0:0:0:0:
64,192,67403,1,0,0:0:0:0:
448,192,67403,1,0,0:0:0:0:
320,192,67519,1,0,0:0:0:0:
320,192,67634,1,0,0:0:0:0:
448,192,67634,1,0,0:0:0:0:
192,192,67634,1,0,0:0:0:0:
64,192,67750,1,0,0:0:0:0:
192,192,67865,1,0,0:0:0:0:
320,192,67865,1,0,0:0:0:0:
64,192,67865,1,0,0:0:0:0:
192,192,67980,1,0,0:0:0:0:
64,192,67980,1,0,0:0:0:0:
448,192,67980,1,0,0:0:0:0:
320,192,68096,1,0,0:0:0:0:
448,192,68096,1,0,0:0:0:0:
192,192,68096,1,0,0:0:0:0:
64,192,68211,1,0,0:0:0:0:
320,192,68211,1,0,0:0:0:0:
448,192,68211,1,0,0:0:0:0:
192,192,68326,1,0,0:0:0:0:
448,192,68326,1,0,0:0:0:0:
64,192,68326,1,0,0:0:0:0:
192,192,68442,1,0,0:0:0:0:
192,192,68557,1,0,0:0:0:0:
320,192,68557,1,0,0:0:0:0:
448,192,68557,1,0,0:0:0:0:
320,192,68673,1,0,0:0:0:0:
320,192,68788,1,0,0:0:0:0:
448,192,68788,1,0,0:0:0:0:
64,192,68788,1,0,0:0:0:0:
64,192,68903,1,0,0:0:0:0:
64,192,69019,1,0,0:0:0:0:
192,192,69019,1,0,0:0:0:0:
320,192,69019,1,0,0:0:0:0:
192,192,69134,1,0,0:0:0:0:
448,192,69250,1,0,0:0:0:0:
320,192,69250,1,0,0:0:0:0:
64,192,69250,1,0,0:0:0:0:
320,192,69365,1,0,0:0:0:0:
64,192,69480,1,0,0:0:0:0:
448,192,69480,1,0,0:0:0:0:
192,192,69480,1,0,0:0:0:0:
448,192,69596,1,0,0:0:0:0:
192,192,69711,1,0,0:0:0:0:
320,192,69711,1,0,0:0:0:0:
448,192,69711,1,0,0:0:0:0:
192,192,69826,1,0,0:0:0:0:
320,192,69826,1,0,0:0:0:0:
64,192,69826,1,0,0:0:0:0:
64,192,69942,1,0,0:0:0:0:
192,192,69942,1,0,0:0:0:0:
448,192,69942,1,0,0:0:0:0:
64,192,70057,1,0,0:0:0:0:
320,192,70057,1,0,0:0:0:0:
448,192,70057,1,0,0:0:0:0:
448,192,70173,1,0,0:0:0:0:
64,192,70173,1,0,0:0:0:0:
320,192,70173,1,0,0:0:0:0:
192,192,70288,1,0,0:0:0:0:
320,192,70288,1,0,0:0:0:0:
192,192,70403,1,0,0:0:0:0:
448,192,70403,1,0,0:0:0:0:
64,192,70403,1,0,0:0:0:0:
320,192,70519,1,0,0:0:0:0:
64,192,70519,1,0,0:0:0:0:
320,192,70634,1,0,0:0:0:0:
448,192,70634,1,0,0:0:0:0:
192,192,70634,1,0,0:0:0:0:
320,192,70750,1,0,0:0:0:0:
448,192,70750,1,0,0:0:0:0:
192,192,70865,1,0,0:0:0:0:
448,192,70865,1,0,0:0:0:0:
64,192,70865,1,0,0:0:0:0:
320,192,70980,1,0,0:0:0:0:
64,192,70980,1,0,0:0:0:0:
192,192,71096,1,0,0:0:0:0:
64,192,71096,1,0,0:0:0:0:
320,192,71096,1,0,0:0:0:0:
192,192,71211,1,0,0:0:0:0:
448,192,71211,1,0,0:0:0:0:
320,192,71326,1,0,0:0:0:0:
448,192,71326,1,0,0:0:0:0:
64,192,71326,1,0,0:0:0:0:
448,192,71442,1,0,0:0:0:0:
320,192,71442,1,0,0:0:0:0:
192,192,71557,1,0,0:0:0:0:
320,192,71557,1,0,0:0:0:0:
64,192,71557,1,0,0:0:0:0:
192,192,71673,1,0,0:0:0:0:
64,192,71673,1,0,0:0:0:0:
64,192,71788,1,0,0:0:0:0:
320,192,71788,1,0,0:0:0:0:
448,192,71788,1,0,0:0:0:0:
192,192,71903,1,0,0:0:0:0:
320,192,71903,1,0,0:0:0:0:
192,192,72019,1,0,0:0:0:0:
64,192,72019,1,0,0:0:0:0:
448,192,72019,1,0,0:0:0:0:
320,192,72134,1,0,0:0:0:0:
64,192,72134,1,0,0:0:0:0:
192,192,72250,1,0,0:0:0:0:
320,192,72250,1,0,0:0:0:0:
448,192,72250,1,0,0:0:0:0:
448,192,72365,1,0,0:0:0:0:
192,192,72365,1,0,0:0:0:0:
320,192,72480,5,0,0:0:0:0:
448,192,72480,1,0,0:0:0:0:
192,192,72538,1,0,0:0:0:0:
64,192,72538,1,0,0:0:0:0:
320,192,72596,1,0,0:0:0:0:
448,192,72596,1,0,0:0:0:0:
192,192,72653,1,0,0:0:0:0:
64,192,72653,1,0,0:0:0:0:
320,192,72711,1,0,0:0:0:0:
448,192,72711,1,0,0:0:0:0:
192,192,72769,1,0,0:0:0:0:
64,192,72769,1,0,0:0:0:0:
320,192,72826,1,0,0:0:0:0:
448,192,72826,1,0,0:0:0:0:
192,192,72884,1,0,0:0:0:0:
64,192,72884,1,0,0:0:0:0:
320,192,72942,1,0,0:0:0:0:
448,192,72942,1,0,0:0:0:0:
192,192,73000,1,0,0:0:0:0:
64,192,73057,1,0,0:0:0:0:
448,192,73057,1,0,0:0:0:0:
320,192,73115,1,0,0:0:0:0:
64,192,73173,1,0,0:0:0:0:
192,192,73173,1,0,0:0:0:0:
64,192,73403,5,0,0:0:0:0:
192,192,73418,1,0,0:0:0:0:
320,192,73432,1,0,0:0:0:0:
448,192,73447,1,0,0:0:0:0:
448,192,73634,1,0,0:0:0:0:
320,192,73649,1,0,0:0:0:0:
192,192,73663,1,0,0:0:0:0:
64,192,73677,1,0,0:0:0:0:
192,192,73865,1,0,0:0:0:0:
64,192,73865,1,0,0:0:0:0:
448,192,73865,1,0,0:0:0:0:
320,192,73980,1,0,0:0:0:0:
64,192,73980,1,0,0:0:0:0:
192,192,74096,1,0,0:0:0:0:
448,192,74096,1,0,0:0:0:0:
320,192,74096,1,0,0:0:0:0:
192,192,74211,1,0,0:0:0:0:
448,192,74211,1,0,0:0:0:0:
192,192,74326,1,0,0:0:0:0:
320,192,74326,1,0,0:0:0:0:
64,192,74326,1,0,0:0:0:0:
320,192,74442,1,0,0:0:0:0:
64,192,74442,1,0,0:0:0:0:
320,192,74557,1,0,0:0:0:0:
448,192,74557,1,0,0:0:0:0:
64,192,74557,1,0,0:0:0:0:
192,192,74673,1,0,0:0:0:0:
448,192,74673,1,0,0:0:0:0:
192,192,74788,1,0,0:0:0:0:
320,192,74788,1,0,0:0:0:0:
64,192,74788,1,0,0:0:0:0:
192,192,74903,1,0,0:0:0:0:
64,192,74903,1,0,0:0:0:0:
320,192,75019,1,0,0:0:0:0:
448,192,75019,1,0,0:0:0:0:
64,192,75019,1,0,0:0:0:0:
320,192,75134,1,0,0:0:0:0:
448,192,75134,1,0,0:0:0:0:
192,192,75250,1,0,0:0:0:0:
448,192,75250,1,0,0:0:0:0:
64,192,75250,1,0,0:0:0:0:
320,192,75365,1,0,0:0:0:0:
448,192,75365,1,0,0:0:0:0:
64,192,75480,1,0,0:0:0:0:
192,192,75480,1,0,0:0:0:0:
320,192,75480,1,0,0:0:0:0:
192,192,75596,1,0,0:0:0:0:
64,192,75596,1,0,0:0:0:0:
320,192,75596,1,0,0:0:0:0:
192,192,75711,1,0,0:0:0:0:
64,192,75711,1,0,0:0:0:0:
448,192,75711,1,0,0:0:0:0:
320,192,75826,1,0,0:0:0:0:
448,192,75826,1,0,0:0:0:0:
192,192,75826,1,0,0:0:0:0:
320,192,75942,1,0,0:0:0:0:
448,192,75942,1,0,0:0:0:0:
64,192,75942,1,0,0:0:0:0:
448,192,76057,1,0,0:0:0:0:
320,192,76057,1,0,0:0:0:0:
192,192,76173,1,0,0:0:0:0:
64,192,76173,1,0,0:0:0:0:
320,192,76173,1,0,0:0:0:0:
64,192,76288,1,0,0:0:0:0:
192,192,76288,1,0,0:0:0:0:
320,192,76403,1,0,0:0:0:0:
448,192,76403,1,0,0:0:0:0:
64,192,76403,1,0,0:0:0:0:
192,192,76519,1,0,0:0:0:0:
448,192,76519,1,0,0:0:0:0:
320,192,76634,1,0,0:0:0:0:
448,192,76634,1,0,0:0:0:0:
192,192,76634,1,0,0:0:0:0:
320,192,76750,1,0,0:0:0:0:
64,192,76750,1,0,0:0:0:0:
64,192,76865,1,0,0:0:0:0:
192,192,76865,1,0,0:0:0:0:
320,192,76865,1,0,0:0:0:0:
192,192,76980,1,0,0:0:0:0:
448,192,76980,1,0,0:0:0:0:
320,192,77096,1,0,0:0:0:0:
448,192,77096,1,0,0:0:0:0:
192,192,77096,1,0,0:0:0:0:
320,192,77211,1,0,0:0:0:0:
448,192,77211,1,0,0:0:0:0:
64,192,77211,1,0,0:0:0:0:
192,192,77326,1,0,0:0:0:0:
64,192,77326,1,0,0:0:0:0:
320,192,77326,1,0,0:0:0:0:
192,192,77442,1,0,0:0:0:0:
64,192,77442,1,0,0:0:0:0:
320,192,77557,1,0,0:0:0:0:
448,192,77557,1,0,0:0:0:0:
192,192,77557,1,0,0:0:0:0:
320,192,77673,1,0,0:0:0:0:
448,192,77673,1,0,0:0:0:0:
192,192,77788,1,0,0:0:0:0:
64,192,77788,1,0,0:0:0:0:
448,192,77788,1,0,0:0:0:0:
192,192,77903,1,0,0:0:0:0:
64,192,77903,1,0,0:0:0:0:
64,192,78019,1,0,0:0:0:0:
192,192,78019,1,0,0:0:0:0:
320,192,78019,1,0,0:0:0:0:
448,192,78134,1,0,0:0:0:0:
192,192,78134,1,0,0:0:0:0:
64,192,78250,1,0,0:0:0:0:
320,192,78250,1,0,0:0:0:0:
448,192,78250,1,0,0:0:0:0:
192,192,78365,1,0,0:0:0:0:
320,192,78365,1,0,0:0:0:0:
192,192,78480,1,0,0:0:0:0:
448,192,78480,1,0,0:0:0:0:
64,192,78480,1,0,0:0:0:0:
64,192,78596,1,0,0:0:0:0:
320,192,78596,1,0,0:0:0:0:
192,192,78711,1,0,0:0:0:0:
320,192,78711,1,0,0:0:0:0:
64,192,78711,1,0,0:0:0:0:
192,192,78826,1,0,0:0:0:0:
448,192,78826,1,0,0:0:0:0:
448,192,78942,1,0,0:0:0:0:
64,192,78942,1,0,0:0:0:0:
320,192,78942,1,0,0:0:0:0:
320,192,79057,1,0,0:0:0:0:
448,192,79057,1,0,0:0:0:0:
320,192,79173,1,0,0:0:0:0:
448,192,79173,1,0,0:0:0:0:
64,192,79173,1,0,0:0:0:0:
192,192,79288,1,0,0:0:0:0:
64,192,79288,1,0,0:0:0:0:
320,192,79288,1,0,0:0:0:0:
64,192,79403,1,0,0:0:0:0:
192,192,79403,1,0,0:0:0:0:
448,192,79403,1,0,0:0:0:0:
192,192,79519,1,0,0:0:0:0:
320,192,79519,1,0,0:0:0:0:
320,192,79634,1,0,0:0:0:0:
448,192,79634,1,0,0:0:0:0:
64,192,79634,1,0,0:0:0:0:
64,192,79750,1,0,0:0:0:0:
448,192,79750,1,0,0:0:0:0:
64,192,79865,1,0,0:0:0:0:
448,192,79865,1,0,0:0:0:0:
320,192,79865,1,0,0:0:0:0:
64,192,79980,1,0,0:0:0:0:
192,192,79980,1,0,0:0:0:0:
192,192,80096,1,0,0:0:0:0:
448,192,80096,1,0,0:0:0:0:
64,192,80096,1,0,0:0:0:0:
192,192,80211,1,0,0:0:0:0:
320,192,80211,1,0,0:0:0:0:
320,192,80326,1,0,0:0:0:0:
448,192,80326,1,0,0:0:0:0:
64,192,80326,1,0,0:0:0:0:
448,192,80442,1,0,0:0:0:0:
320,192,80442,1,0,0:0:0:0:
192,192,80557,1,0,0:0:0:0:
64,192,80557,1,0,0:0:0:0:
448,192,80557,1,0,0:0:0:0:
64,192,80673,1,0,0:0:0:0:
320,192,80673,1,0,0:0:0:0:
192,192,80788,1,0,0:0:0:0:
64,192,80788,1,0,0:0:0:0:
320,192,80788,1,0,0:0:0:0:
192,192,80903,1,0,0:0:0:0:
448,192,80903,1,0,0:0:0:0:
320,192,81019,1,0,0:0:0:0:
448,192,81019,1,0,0:0:0:0:
192,192,81076,1,0,0:0:0:0:
64,192,81076,1,0,0:0:0:0:
320,192,81134,1,0,0:0:0:0:
448,192,81134,1,0,0:0:0:0:
192,192,81192,1,0,0:0:0:0:
64,192,81192,1,0,0:0:0:0:
320,192,81250,1,0,0:0:0:0:
448,192,81250,1,0,0:0:0:0:
192,192,81365,1,0,0:0:0:0:
448,192,81365,1,0,0:0:0:0:
192,192,81480,1,0,0:0:0:0:
64,192,81480,1,0,0:0:0:0:
320,192,81480,1,0,0:0:0:0:
192,192,81596,1,0,0:0:0:0:
64,192,81596,1,0,0:0:0:0:
64,192,81711,1,0,0:0:0:0:
448,192,81711,1,0,0:0:0:0:
320,192,81711,1,0,0:0:0:0:
192,192,81826,1,0,0:0:0:0:
320,192,81826,1,0,0:0:0:0:
192,192,81942,1,0,0:0:0:0:
64,192,81942,1,0,0:0:0:0:
448,192,81942,1,0,0:0:0:0:
64,192,82057,1,0,0:0:0:0:
320,192,82057,1,0,0:0:0:0:
320,192,82173,1,0,0:0:0:0:
448,192,82173,1,0,0:0:0:0:
192,192,82173,1,0,0:0:0:0:
448,192,82288,1,0,0:0:0:0:
320,192,82288,1,0,0:0:0:0:
448,192,82403,1,0,0:0:0:0:
64,192,82403,1,0,0:0:0:0:
192,192,82403,1,0,0:0:0:0:
192,192,82519,1,0,0:0:0:0:
320,192,82519,1,0,0:0:0:0:
320,192,82634,1,0,0:0:0:0:
448,192,82634,1,0,0:0:0:0:
64,192,82634,1,0,0:0:0:0:
192,192,82750,1,0,0:0:0:0:
64,192,82750,1,0,0:0:0:0:
64,192,82865,1,0,0:0:0:0:
192,192,82865,1,0,0:0:0:0:
448,192,82865,1,0,0:0:0:0:
320,192,82980,1,0,0:0:0:0:
448,192,82980,1,0,0:0:0:0:
192,192,82980,1,0,0:0:0:0:
64,192,83096,1,0,0:0:0:0:
320,192,83096,1,0,0:0:0:0:
448,192,83096,1,0,0:0:0:0:
64,192,83211,1,0,0:0:0:0:
320,192,83211,1,0,0:0:0:0:
448,192,83211,1,0,0:0:0:0:
192,192,83326,1,0,0:0:0:0:
64,192,83326,1,0,0:0:0:0:
320,192,83326,1,0,0:0:0:0:
192,192,83442,1,0,0:0:0:0:
448,192,83442,1,0,0:0:0:0:
192,192,83557,1,0,0:0:0:0:
320,192,83557,1,0,0:0:0:0:
448,192,83557,1,0,0:0:0:0:
320,192,83673,1,0,0:0:0:0:
64,192,83673,1,0,0:0:0:0:
64,192,83788,5,0,0:0:0:0:
192,192,83788,1,0,0:0:0:0:
448,192,83788,1,0,0:0:0:0:
320,192,83903,1,0,0:0:0:0:
448,192,83903,1,0,0:0:0:0:
320,192,84019,1,0,0:0:0:0:
448,192,84019,1,0,0:0:0:0:
64,192,84019,1,0,0:0:0:0:
192,192,84134,1,0,0:0:0:0:
320,192,84134,1,0,0:0:0:0:
192,192,84250,1,0,0:0:0:0:
64,192,84250,1,0,0:0:0:0:
448,192,84250,1,0,0:0:0:0:
64,192,84365,1,0,0:0:0:0:
192,192,84365,1,0,0:0:0:0:
64,192,84480,1,0,0:0:0:0:
320,192,84480,1,0,0:0:0:0:
448,192,84480,1,0,0:0:0:0:
192,192,84596,1,0,0:0:0:0:
448,192,84596,1,0,0:0:0:0:
320,192,84596,1,0,0:0:0:0:
320,192,84711,1,0,0:0:0:0:
448,192,84711,1,0,0:0:0:0:
192,192,84711,1,0,0:0:0:0:
448,192,84826,1,0,0:0:0:0:
64,192,84826,1,0,0:0:0:0:
64,192,84942,1,0,0:0:0:0:
192,192,84942,1,0,0:0:0:0:
320,192,84942,1,0,0:0:0:0:
448,192,84942,1,0,0:0:0:0:
192,192,85057,1,0,0:0:0:0:
192,192,85173,1,0,0:0:0:0:
320,192,85173,1,0,0:0:0:0:
448,192,85173,1,0,0:0:0:0:
64,192,85173,1,0,0:0:0:0:
448,192,85288,1,0,0:0:0:0:
192,192,85403,1,0,0:0:0:0:
320,192,85403,1,0,0:0:0:0:
448,192,85403,1,0,0:0:0:0:
64,192,85403,1,0,0:0:0:0:
320,192,85519,1,0,0:0:0:0:
192,192,85634,1,0,0:0:0:0:
320,192,85634,1,0,0:0:0:0:
448,192,85634,1,0,0:0:0:0:
64,192,85634,1,0,0:0:0:0:
64,192,85750,1,0,0:0:0:0:
64,192,85865,1,0,0:0:0:0:
192,192,85865,1,0,0:0:0:0:
320,192,85865,1,0,0:0:0:0:
448,192,85865,1,0,0:0:0:0:
192,192,85980,1,0,0:0:0:0:
192,192,86096,1,0,0:0:0:0:
320,192,86096,1,0,0:0:0:0:
448,192,86096,1,0,0:0:0:0:
64,192,86096,1,0,0:0:0:0:
448,192,86211,1,0,0:0:0:0:
320,192,86326,1,0,0:0:0:0:
448,192,86326,1,0,0:0:0:0:
192,192,86326,1,0,0:0:0:0:
64,192,86326,1,0,0:0:0:0:
320,192,86442,1,0,0:0:0:0:
192,192,86557,1,0,0:0:0:0:
64,192,86557,1,0,0:0:0:0:
448,192,86557,1,0,0:0:0:0:
64,192,86673,1,0,0:0:0:0:
192,192,86673,1,0,0:0:0:0:
448,192,86673,1,0,0:0:0:0:
320,192,86788,1,0,0:0:0:0:
448,192,86788,1,0,0:0:0:0:
64,192,86788,1,0,0:0:0:0:
192,192,86903,1,0,0:0:0:0:
320,192,86903,1,0,0:0:0:0:
448,192,86903,1,0,0:0:0:0:
320,192,87019,1,0,0:0:0:0:
192,192,87019,1,0,0:0:0:0:
64,192,87019,1,0,0:0:0:0:
64,192,87134,1,0,0:0:0:0:
192,192,87134,1,0,0:0:0:0:
448,192,87134,1,0,0:0:0:0:
192,192,87250,1,0,0:0:0:0:
64,192,87250,1,0,0:0:0:0:
320,192,87250,1,0,0:0:0:0:
64,192,87365,1,0,0:0:0:0:
320,192,87365,1,0,0:0:0:0:
448,192,87365,1,0,0:0:0:0:
320,192,87480,1,0,0:0:0:0:
448,192,87480,1,0,0:0:0:0:
192,192,87480,1,0,0:0:0:0:
320,192,87596,1,0,0:0:0:0:
448,192,87596,1,0,0:0:0:0:
192,192,87596,1,0,0:0:0:0:
448,192,87711,1,0,0:0:0:0:
320,192,87711,1,0,0:0:0:0:
64,192,87769,1,0,0:0:0:0:
192,192,87769,1,0,0:0:0:0:
320,192,87826,1,0,0:0:0:0:
448,192,87826,1,0,0:0:0:0:
192,192,87942,1,0,0:0:0:0:
64,192,87942,1,0,0:0:0:0:
448,192,87942,1,0,0:0:0:0:
64,192,88057,1,0,0:0:0:0:
192,192,88057,1,0,0:0:0:0:
320,192,88057,1,0,0:0:0:0:
448,192,88173,1,0,0:0:0:0:
320,192,88173,1,0,0:0:0:0:
192,192,88230,1,0,0:0:0:0:
64,192,88230,1,0,0:0:0:0:
448,192,88288,1,0,0:0:0:0:
320,192,88288,1,0,0:0:0:0:
192,192,88403,1,0,0:0:0:0:
64,192,88403,1,0,0:0:0:0:
320,192,88461,1,0,0:0:0:0:
448,192,88461,1,0,0:0:0:0:
192,192,88519,1,0,0:0:0:0:
64,192,88519,1,0,0:0:0:0:
320,192,88576,1,0,0:0:0:0:
448,192,88576,1,0,0:0:0:0:
64,192,88634,1,0,0:0:0:0:
192,192,88634,1,0,0:0:0:0:
64,192,88750,1,0,0:0:0:0:
320,192,88750,1,0,0:0:0:0:
448,192,88865,1,0,0:0:0:0:
320,192,88865,1,0,0:0:0:0:
192,192,88865,1,0,0:0:0:0:
320,192,88980,1,0,0:0:0:0:
448,192,88980,1,0,0:0:0:0:
192,192,89096,1,0,0:0:0:0:
64,192,89096,1,0,0:0:0:0:
448,192,89096,1,0,0:0:0:0:
192,192,89211,1,0,0:0:0:0:
320,192,89211,1,0,0:0:0:0:
320,192,89326,1,0,0:0:0:0:
448,192,89326,1,0,0:0:0:0:
64,192,89326,1,0,0:0:0:0:
448,192,89442,1,0,0:0:0:0:
192,192,89442,1,0,0:0:0:0:
320,192,89557,1,0,0:0:0:0:
192,192,89557,1,0,0:0:0:0:
64,192,89557,1,0,0:0:0:0:
320,192,89673,1,0,0:0:0:0:
64,192,89673,1,0,0:0:0:0:
192,192,89788,1,0,0:0:0:0:
320,192,89788,1,0,0:0:0:0:
448,192,89788,1,0,0:0:0:0:
64,192,89903,1,0,0:0:0:0:
448,192,89903,1,0,0:0:0:0:
320,192,90019,1,0,0:0:0:0:
192,192,90019,1,0,0:0:0:0:
64,192,90019,1,0,0:0:0:0:
448,192,90134,1,0,0:0:0:0:
192,192,90134,1,0,0:0:0:0:
320,192,90250,1,0,0:0:0:0:
64,192,90250,1,0,0:0:0:0:
448,192,90250,1,0,0:0:0:0:
448,192,90365,1,0,0:0:0:0:
320,192,90365,1,0,0:0:0:0:
192,192,90365,1,0,0:0:0:0:
192,192,90480,1,0,0:0:0:0:
64,192,90480,1,0,0:0:0:0:
448,192,90480,1,0,0:0:0:0:
320,192,90596,1,0,0:0:0:0:
192,192,90596,1,0,0:0:0:0:
64,192,90596,1,0,0:0:0:0:
320,192,90711,1,0,0:0:0:0:
64,192,90711,1,0,0:0:0:0:
448,192,90711,1,0,0:0:0:0:
448,192,90826,1,0,0:0:0:0:
192,192,90826,1,0,0:0:0:0:
64,192,90942,1,0,0:0:0:0:
320,192,90942,1,0,0:0:0:0:
448,192,90942,1,0,0:0:0:0:
320,192,91057,1,0,0:0:0:0:
192,192,91057,1,0,0:0:0:0:
448,192,91173,1,0,0:0:0:0:
64,192,91173,1,0,0:0:0:0:
192,192,91173,1,0,0:0:0:0:
320,192,91288,1,0,0:0:0:0:
64,192,91288,1,0,0:0:0:0:
192,192,91403,1,0,0:0:0:0:
64,192,91403,1,0,0:0:0:0:
320,192,91403,1,0,0:0:0:0:
448,192,91519,1,0,0:0:0:0:
192,192,91519,1,0,0:0:0:0:
448,192,91634,1,0,0:0:0:0:
320,192,91634,1,0,0:0:0:0:
64,192,91634,1,0,0:0:0:0:
192,192,91750,1,0,0:0:0:0:
64,192,91750,1,0,0:0:0:0:
448,192,91865,1,0,0:0:0:0:
192,192,91865,1,0,0:0:0:0:
64,192,91865,1,0,0:0:0:0:
320,192,91980,1,0,0:0:0:0:
192,192,91980,1,0,0:0:0:0:
320,192,92096,1,0,0:0:0:0:
448,192,92096,1,0,0:0:0:0:
64,192,92096,1,0,0:0:0:0:
448,192,92211,1,0,0:0:0:0:
64,192,92211,1,0,0:0:0:0:
320,192,92211,1,0,0:0:0:0:
192,192,92326,1,0,0:0:0:0:
64,192,92326,1,0,0:0:0:0:
448,192,92326,1,0,0:0:0:0:
320,192,92442,1,0,0:0:0:0:
448,192,92442,1,0,0:0:0:0:
320,192,92557,1,0,0:0:0:0:
64,192,92557,1,0,0:0:0:0:
192,192,92557,1,0,0:0:0:0:
192,192,92673,1,0,0:0:0:0:
64,192,92673,1,0,0:0:0:0:
320,192,92788,1,0,0:0:0:0:
64,192,92788,1,0,0:0:0:0:
448,192,92788,1,0,0:0:0:0:
192,192,92903,1,0,0:0:0:0:
320,192,92903,1,0,0:0:0:0:
192,192,93019,1,0,0:0:0:0:
448,192,93019,1,0,0:0:0:0:
64,192,93019,1,0,0:0:0:0:
320,192,93134,1,0,0:0:0:0:
192,192,93134,1,0,0:0:0:0:
64,192,93250,1,0,0:0:0:0:
320,192,93250,1,0,0:0:0:0:
448,192,93250,1,0,0:0:0:0:
448,192,93365,1,0,0:0:0:0:
192,192,93365,1,0,0:0:0:0:
192,192,93480,1,0,0:0:0:0:
64,192,93480,1,0,0:0:0:0:
320,192,93480,1,0,0:0:0:0:
64,192,93596,1,0,0:0:0:0:
320,192,93596,1,0,0:0:0:0:
448,192,93711,1,0,0:0:0:0:
320,192,93711,1,0,0:0:0:0:
192,192,93711,1,0,0:0:0:0:
192,192,93826,1,0,0:0:0:0:
448,192,93826,1,0,0:0:0:0:
192,192,93942,1,0,0:0:0:0:
64,192,93942,1,0,0:0:0:0:
320,192,93942,1,0,0:0:0:0:
320,192,94057,1,0,0:0:0:0:
64,192,94057,1,0,0:0:0:0:
448,192,94057,1,0,0:0:0:0:
64,192,94173,1,0,0:0:0:0:
448,192,94173,1,0,0:0:0:0:
320,192,94173,1,0,0:0:0:0:
448,192,94288,1,0,0:0:0:0:
320,192,94288,1,0,0:0:0:0:
192,192,94288,1,0,0:0:0:0:
64,192,94403,1,0,0:0:0:0:
192,192,94403,1,0,0:0:0:0:
448,192,94403,1,0,0:0:0:0:
320,192,94519,1,0,0:0:0:0:
64,192,94519,1,0,0:0:0:0:
192,192,94634,1,0,0:0:0:0:
448,192,94634,1,0,0:0:0:0:
64,192,94634,1,0,0:0:0:0:
320,192,94750,1,0,0:0:0:0:
192,192,94750,1,0,0:0:0:0:
320,192,94865,1,0,0:0:0:0:
448,192,94865,1,0,0:0:0:0:
64,192,94865,1,0,0:0:0:0:
320,192,94980,1,0,0:0:0:0:
448,192,94980,1,0,0:0:0:0:
192,192,94980,1,0,0:0:0:0:
192,192,95096,1,0,0:0:0:0:
64,192,95096,1,0,0:0:0:0:
448,192,95096,1,0,0:0:0:0:
192,192,95211,1,0,0:0:0:0:
64,192,95211,1,0,0:0:0:0:
320,192,95269,1,0,0:0:0:0:
448,192,95269,1,0,0:0:0:0:
192,192,95326,1,0,0:0:0:0:
64,192,95326,1,0,0:0:0:0:
320,192,95442,1,0,0:0:0:0:
448,192,95442,1,0,0:0:0:0:
64,192,95442,1,0,0:0:0:0:
192,192,95557,1,0,0:0:0:0:
320,192,95557,1,0,0:0:0:0:
448,192,95557,1,0,0:0:0:0:
192,192,95673,1,0,0:0:0:0:
64,192,95673,1,0,0:0:0:0:
448,192,95673,1,0,0:0:0:0:
320,192,95788,1,0,0:0:0:0:
448,192,95788,1,0,0:0:0:0:
64,192,95846,1,0,0:0:0:0:
192,192,95846,1,0,0:0:0:0:
320,192,95903,1,0,0:0:0:0:
448,192,95903,1,0,0:0:0:0:
192,192,95961,1,0,0:0:0:0:
64,192,95961,1,0,0:0:0:0:
320,192,96019,1,0,0:0:0:0:
448,192,96019,1,0,0:0:0:0:
64,192,96250,1,0,0:0:0:0:
448,192,96480,1,0,0:0:0:0:
320,192,96711,1,0,0:0:0:0:
192,192,96942,1,0,0:0:0:0:
64,192,96942,1,0,0:0:0:0:
448,192,96942,1,0,0:0:0:0:
320,192,97173,1,0,0:0:0:0:
192,192,97288,1,0,0:0:0:0:
64,192,97288,1,0,0:0:0:0:
448,192,97288,1,0,0:0:0:0:
192,192,97634,1,0,0:0:0:0:
64,192,97634,1,0,0:0:0:0:
448,192,97634,1,0,0:0:0:0:
192,192,97750,1,0,0:0:0:0:
320,192,97865,1,0,0:0:0:0:
448,192,97865,1,0,0:0:0:0:
64,192,97865,1,0,0:0:0:0:
320,192,97980,1,0,0:0:0:0:
64,192,98096,1,0,0:0:0:0:
448,192,98211,1,0,0:0:0:0:
192,192,98326,1,0,0:0:0:0:
320,192,98442,1,0,0:0:0:0:
64,192,98557,1,0,0:0:0:0:
448,192,98673,1,0,0:0:0:0:
192,192,98788,1,0,0:0:0:0:
64,192,98788,1,0,0:0:0:0:
320,192,98788,1,0,0:0:0:0:
192,192,99019,1,0,0:0:0:0:
320,192,99134,1,0,0:0:0:0:
448,192,99134,1,0,0:0:0:0:
64,192,99134,1,0,0:0:0:0:
192,192,99365,1,0,0:0:0:0:
64,192,99365,1,0,0:0:0:0:
320,192,99480,1,0,0:0:0:0:
448,192,99480,1,0,0:0:0:0:
64,192,99480,1,0,0:0:0:0:
192,192,99596,1,0,0:0:0:0:
448,192,99711,1,0,0:0:0:0:
64,192,99711,128,0,99826:0:0:0:0:
320,192,99711,1,0,0:0:0:0:
448,192,99942,128,0,100057:0:0:0:0:
320,192,100057,1,0,0:0:0:0:
64,192,100173,1,0,0:0:0:0:
192,192,100173,1,0,0:0:0:0:
448,192,100173,1,0,0:0:0:0:
320,192,100288,1,0,0:0:0:0:
64,192,100403,128,0,100519:0:0:0:0:
192,192,100519,128,0,100576:0:0:0:0:
320,192,100634,1,0,0:0:0:0:
448,192,100634,1,0,0:0:0:0:
64,192,100634,1,0,0:0:0:0:
192,192,100750,128,0,100807:0:0:0:0:
448,192,100865,1,0,0:0:0:0:
320,192,100865,1,0,0:0:0:0:
320,192,100980,1,0,0:0:0:0:
448,192,100980,1,0,0:0:0:0:
64,192,101096,1,0,0:0:0:0:
448,192,101096,1,0,0:0:0:0:
192,192,101096,128,0,101153:0:0:0:0:
64,192,101211,1,0,0:0:0:0:
192,192,101326,1,0,0:0:0:0:
448,192,101326,1,0,0:0:0:0:
320,192,101326,128,0,101384:0:0:0:0:
448,192,101442,128,0,101500:0:0:0:0:
192,192,101557,1,0,0:0:0:0:
64,192,101557,1,0,0:0:0:0:
320,192,101557,1,0,0:0:0:0:
192,192,101673,128,0,101730:0:0:0:0:
448,192,101788,128,0,101846:0:0:0:0:
64,192,101903,128,0,101961:0:0:0:0:
192,192,102019,1,0,0:0:0:0:
448,192,102019,1,0,0:0:0:0:
320,192,102019,128,0,102076:0:0:0:0:
320,192,102134,128,0,102192:0:0:0:0:
192,192,102250,128,0,102307:0:0:0:0:
448,192,102365,1,0,0:0:0:0:
64,192,102365,128,0,102423:0:0:0:0:
64,192,102596,1,0,0:0:0:0:
192,192,102596,128,0,102653:0:0:0:0:
320,192,102826,1,0,0:0:0:0:
64,192,102942,1,0,0:0:0:0:
192,192,102956,1,0,0:0:0:0:
320,192,102971,1,0,0:0:0:0:
448,192,102985,1,0,0:0:0:0:
192,192,103173,1,0,0:0:0:0:
64,192,103173,1,0,0:0:0:0:
448,192,103173,1,0,0:0:0:0:
320,192,103403,1,0,0:0:0:0:
448,192,103403,1,0,0:0:0:0:
192,192,103403,1,0,0:0:0:0:
448,192,103634,1,0,0:0:0:0:
64,192,103634,1,0,0:0:0:0:
320,192,103634,1,0,0:0:0:0:
448,192,103750,1,0,0:0:0:0:
192,192,103865,1,0,0:0:0:0:
64,192,103865,1,0,0:0:0:0:
320,192,103865,1,0,0:0:0:0:
192,192,103980,1,0,0:0:0:0:
448,192,104096,1,0,0:0:0:0:
64,192,104096,1,0,0:0:0:0:
320,192,104096,1,0,0:0:0:0:
320,192,104211,1,0,0:0:0:0:
64,192,104326,1,0,0:0:0:0:
192,192,104326,1,0,0:0:0:0:
320,192,104326,1,0,0:0:0:0:
64,192,104442,1,0,0:0:0:0:
320,192,104557,1,0,0:0:0:0:
448,192,104557,1,0,0:0:0:0:
192,192,104557,1,0,0:0:0:0:
320,192,104673,1,0,0:0:0:0:
192,192,104788,1,0,0:0:0:0:
64,192,104788,1,0,0:0:0:0:
448,192,104788,1,0,0:0:0:0:
192,192,104903,1,0,0:0:0:0:
320,192,105019,1,0,0:0:0:0:
448,192,105019,1,0,0:0:0:0:
64,192,105019,1,0,0:0:0:0:
320,192,105134,1,0,0:0:0:0:
448,192,105134,1,0,0:0:0:0:
64,192,105134,1,0,0:0:0:0:
448,192,105250,1,0,0:0:0:0:
320,192,105250,1,0,0:0:0:0:
192,192,105250,1,0,0:0:0:0:
64,192,105365,1,0,0:0:0:0:
64,192,105480,1,0,0:0:0:0:
320,192,105480,1,0,0:0:0:0:
192,192,105480,1,0,0:0:0:0:
448,192,105596,1,0,0:0:0:0:
320,192,105711,1,0,0:0:0:0:
448,192,105711,1,0,0:0:0:0:
192,192,105711,1,0,0:0:0:0:
64,192,105826,1,0,0:0:0:0:
192,192,105942,1,0,0:0:0:0:
320,192,105942,1,0,0:0:0:0:
64,192,105942,1,0,0:0:0:0:
192,192,106057,1,0,0:0:0:0:
448,192,106173,1,0,0:0:0:0:
320,192,106173,1,0,0:0:0:0:
64,192,106173,1,0,0:0:0:0:
448,192,106288,1,0,0:0:0:0:
64,192,106403,1,0,0:0:0:0:
448,192,106403,1,0,0:0:0:0:
192,192,106403,1,0,0:0:0:0:
320,192,106519,1,0,0:0:0:0:
192,192,106634,1,0,0:0:0:0:
64,192,106634,1,0,0:0:0:0:
320,192,106634,1,0,0:0:0:0:
64,192,106750,1,0,0:0:0:0:
64,192,106865,1,0,0:0:0:0:
448,192,106865,1,0,0:0:0:0:
320,192,106865,1,0,0:0:0:0:
192,192,106980,1,0,0:0:0:0:
320,192,106980,1,0,0:0:0:0:
448,192,106980,1,0,0:0:0:0:
192,192,107096,1,0,0:0:0:0:
448,192,107096,1,0,0:0:0:0:
64,192,107096,1,0,0:0:0:0:
64,192,107211,1,0,0:0:0:0:
192,192,107211,1,0,0:0:0:0:
448,192,107211,1,0,0:0:0:0:
64,192,107326,1,0,0:0:0:0:
448,192,107326,1,0,0:0:0:0:
320,192,107326,1,0,0:0:0:0:
64,192,107442,1,0,0:0:0:0:
192,192,107557,1,0,0:0:0:0:
320,192,107557,1,0,0:0:0:0:
448,192,107557,1,0,0:0:0:0:
192,192,107673,1,0,0:0:0:0:
320,192,107788,1,0,0:0:0:0:
64,192,107788,1,0,0:0:0:0:
448,192,107788,1,0,0:0:0:0:
448,192,107903,1,0,0:0:0:0:
320,192,108019,1,0,0:0:0:0:
64,192,108019,1,0,0:0:0:0:
192,192,108019,1,0,0:0:0:0:
192,192,108134,1,0,0:0:0:0:
320,192,108250,1,0,0:0:0:0:
448,192,108250,1,0,0:0:0:0:
64,192,108250,1,0,0:0:0:0:
320,192,108365,1,0,0:0:0:0:
64,192,108480,1,0,0:0:0:0:
448,192,108480,1,0,0:0:0:0:
192,192,108480,1,0,0:0:0:0:
64,192,108596,1,0,0:0:0:0:
192,192,108711,1,0,0:0:0:0:
448,192,108711,1,0,0:0:0:0:
320,192,108711,1,0,0:0:0:0:
192,192,108826,1,0,0:0:0:0:
320,192,108826,1,0,0:0:0:0:
448,192,108826,1,0,0:0:0:0:
320,192,108942,1,0,0:0:0:0:
64,192,108942,1,0,0:0:0:0:
448,192,108942,1,0,0:0:0:0:
64,192,109057,1,0,0:0:0:0:
64,192,109173,1,0,0:0:0:0:
192,192,109173,1,0,0:0:0:0:
320,192,109173,1,0,0:0:0:0:
448,192,109288,1,0,0:0:0:0:
64,192,109403,1,0,0:0:0:0:
448,192,109403,1,0,0:0:0:0:
320,192,109403,1,0,0:0:0:0:
64,192,109519,1,0,0:0:0:0:
192,192,109634,1,0,0:0:0:0:
320,192,109634,1,0,0:0:0:0:
448,192,109634,1,0,0:0:0:0:
448,192,109750,1,0,0:0:0:0:
320,192,109865,1,0,0:0:0:0:
448,192,109865,1,0,0:0:0:0:
64,192,109865,1,0,0:0:0:0:
320,192,109980,1,0,0:0:0:0:
192,192,110096,1,0,0:0:0:0:
64,192,110096,1,0,0:0:0:0:
320,192,110096,1,0,0:0:0:0:
64,192,110211,1,0,0:0:0:0:
64,192,110326,1,0,0:0:0:0:
192,192,110326,1,0,0:0:0:0:
448,192,110326,1,0,0:0:0:0:
192,192,110442,1,0,0:0:0:0:
320,192,110442,1,0,0:0:0:0:
64,192,110557,1,0,0:0:0:0:
320,192,110557,1,0,0:0:0:0:
448,192,110557,1,0,0:0:0:0:
320,192,110673,1,0,0:0:0:0:
448,192,110673,1,0,0:0:0:0:
64,192,110673,1,0,0:0:0:0:
192,192,110788,1,0,0:0:0:0:
64,192,110788,1,0,0:0:0:0:
448,192,110788,1,0,0:0:0:0:
320,192,111019,1,0,0:0:0:0:
64,192,111019,1,0,0:0:0:0:
192,192,111250,1,0,0:0:0:0:
320,192,111250,1,0,0:0:0:0:
448,192,111250,1,0,0:0:0:0:
320,192,111480,1,0,0:0:0:0:
448,192,111480,1,0,0:0:0:0:
192,192,111538,1,0,0:0:0:0:
64,192,111596,1,0,0:0:0:0:
320,192,111653,1,0,0:0:0:0:
192,192,111711,1,0,0:0:0:0:
64,192,111711,1,0,0:0:0:0:
192,192,111826,1,0,0:0:0:0:
64,192,111826,1,0,0:0:0:0:
448,192,111942,128,0,112000:0:0:0:0:
320,192,111942,1,0,0:0:0:0:
192,192,112057,1,0,0:0:0:0:
64,192,112057,1,0,0:0:0:0:
64,192,112173,1,0,0:0:0:0:
320,192,112173,1,0,0:0:0:0:
192,192,112173,128,0,112230:0:0:0:0:
192,192,112288,128,0,112346:0:0:0:0:
448,192,112288,1,0,0:0:0:0:
320,192,112403,1,0,0:0:0:0:
448,192,112403,128,0,112461:0:0:0:0:
192,192,112519,1,0,0:0:0:0:
64,192,112519,128,0,112576:0:0:0:0:
320,192,112634,1,0,0:0:0:0:
448,192,112634,1,0,0:0:0:0:
192,192,112750,1,0,0:0:0:0:
64,192,112865,1,0,0:0:0:0:
448,192,112865,1,0,0:0:0:0:
320,192,112980,1,0,0:0:0:0:
192,192,113096,1,0,0:0:0:0:
64,192,113096,1,0,0:0:0:0:
448,192,113096,1,0,0:0:0:0:
320,192,113211,1,0,0:0:0:0:
64,192,113211,1,0,0:0:0:0:
192,192,113326,1,0,0:0:0:0:
320,192,113326,1,0,0:0:0:0:
192,192,113442,1,0,0:0:0:0:
448,192,113442,1,0,0:0:0:0:
320,192,113557,1,0,0:0:0:0:
448,192,113557,1,0,0:0:0:0:
192,192,113673,1,0,0:0:0:0:
64,192,113673,1,0,0:0:0:0:
448,192,113673,1,0,0:0:0:0:
64,192,113788,1,0,0:0:0:0:
320,192,113788,1,0,0:0:0:0:
320,192,113903,1,0,0:0:0:0:
192,192,113903,1,0,0:0:0:0:
320,192,114019,1,0,0:0:0:0:
448,192,114019,1,0,0:0:0:0:
64,192,114019,1,0,0:0:0:0:
192,192,114250,1,0,0:0:0:0:
448,192,114250,1,0,0:0:0:0:
64,192,114250,128,0,114307:0:0:0:0:
320,192,114480,1,0,0:0:0:0:
448,192,114480,1,0,0:0:0:0:
192,192,114596,1,0,0:0:0:0:
64,192,114711,1,0,0:0:0:0:
448,192,114711,1,0,0:0:0:0:
64,192,114826,1,0,0:0:0:0:
192,192,114826,1,0,0:0:0:0:
64,192,114942,1,0,0:0:0:0:
448,192,114942,1,0,0:0:0:0:
320,192,114942,1,0,0:0:0:0:
320,192,115057,1,0,0:0:0:0:
192,192,115173,1,0,0:0:0:0:
64,192,115173,1,0,0:0:0:0:
448,192,115288,1,0,0:0:0:0:
320,192,115288,128,0,115346:0:0:0:0:
192,192,115346,128,0,115403:0:0:0:0:
64,192,115346,1,0,0:0:0:0:
320,192,115403,1,0,0:0:0:0:
448,192,115403,1,0,0:0:0:0:
64,192,115461,1,0,0:0:0:0:
192,192,115519,1,0,0:0:0:0:
320,192,115576,1,0,0:0:0:0:
64,192,115634,1,0,0:0:0:0:
192,192,115692,1,0,0:0:0:0:
448,192,115750,1,0,0:0:0:0:
320,192,115750,1,0,0:0:0:0:
64,192,115807,1,0,0:0:0:0:
192,192,115807,1,0,0:0:0:0:
320,192,115865,1,0,0:0:0:0:
448,192,115865,1,0,0:0:0:0:
192,192,115980,1,0,0:0:0:0:
64,192,115980,1,0,0:0:0:0:
320,192,116096,1,0,0:0:0:0:
448,192,116096,1,0,0:0:0:0:
64,192,116096,1,0,0:0:0:0:
192,192,116211,1,0,0:0:0:0:
448,192,116211,1,0,0:0:0:0:
192,192,116326,1,0,0:0:0:0:
64,192,116326,1,0,0:0:0:0:
320,192,116326,1,0,0:0:0:0:
64,192,116442,1,0,0:0:0:0:
320,192,116557,1,0,0:0:0:0:
448,192,116557,1,0,0:0:0:0:
64,192,116673,1,0,0:0:0:0:
192,192,116673,1,0,0:0:0:0:
448,192,116788,1,0,0:0:0:0:
320,192,116788,1,0,0:0:0:0:
64,192,116788,1,0,0:0:0:0:
448,192,116903,1,0,0:0:0:0:
320,192,117019,1,0,0:0:0:0:
448,192,117019,1,0,0:0:0:0:
64,192,117019,1,0,0:0:0:0:
192,192,117134,1,0,0:0:0:0:
192,192,117250,1,0,0:0:0:0:
64,192,117250,1,0,0:0:0:0:
320,192,117365,1,0,0:0:0:0:
448,192,117365,1,0,0:0:0:0:
192,192,117423,1,0,0:0:0:0:
64,192,117480,1,0,0:0:0:0:
448,192,117480,1,0,0:0:0:0:
320,192,117538,1,0,0:0:0:0:
192,192,117596,1,0,0:0:0:0:
64,192,117596,1,0,0:0:0:0:
320,192,117653,1,0,0:0:0:0:
448,192,117653,1,0,0:0:0:0:
64,192,117711,1,0,0:0:0:0:
192,192,117711,1,0,0:0:0:0:
320,192,117826,1,0,0:0:0:0:
448,192,117826,1,0,0:0:0:0:
192,192,117884,1,0,0:0:0:0:
64,192,117884,1,0,0:0:0:0:
320,192,117942,1,0,0:0:0:0:
448,192,117942,1,0,0:0:0:0:
192,192,118057,1,0,0:0:0:0:
64,192,118057,1,0,0:0:0:0:
320,192,118173,1,0,0:0:0:0:
64,192,118173,1,0,0:0:0:0:
448,192,118173,1,0,0:0:0:0:
320,192,118288,1,0,0:0:0:0:
192,192,118403,1,0,0:0:0:0:
64,192,118403,1,0,0:0:0:0:
448,192,118403,1,0,0:0:0:0:
192,192,118519,1,0,0:0:0:0:
448,192,118634,1,0,0:0:0:0:
320,192,118634,1,0,0:0:0:0:
64,192,118634,1,0,0:0:0:0:
448,192,118750,1,0,0:0:0:0:
448,192,118865,1,0,0:0:0:0:
192,192,118865,1,0,0:0:0:0:
64,192,118865,1,0,0:0:0:0:
320,192,118980,1,0,0:0:0:0:
320,192,119096,1,0,0:0:0:0:
448,192,119096,1,0,0:0:0:0:
64,192,119096,1,0,0:0:0:0:
192,192,119211,1,0,0:0:0:0:
192,192,119326,1,0,0:0:0:0:
64,192,119326,1,0,0:0:0:0:
320,192,119326,1,0,0:0:0:0:
448,192,119442,1,0,0:0:0:0:
320,192,119557,1,0,0:0:0:0:
192,192,119557,1,0,0:0:0:0:
448,192,119557,1,0,0:0:0:0:
320,192,119673,1,0,0:0:0:0:
448,192,119673,1,0,0:0:0:0:
64,192,119673,1,0,0:0:0:0:
192,192,119788,1,0,0:0:0:0:
64,192,119788,1,0,0:0:0:0:
320,192,119788,1,0,0:0:0:0:
448,192,119903,1,0,0:0:0:0:
192,192,119903,1,0,0:0:0:0:
64,192,119903,1,0,0:0:0:0:
320,192,120019,1,0,0:0:0:0:
64,192,120019,1,0,0:0:0:0:
448,192,120019,1,0,0:0:0:0:
320,192,120134,1,0,0:0:0:0:
320,192,120250,1,0,0:0:0:0:
192,192,120250,1,0,0:0:0:0:
64,192,120250,1,0,0:0:0:0:
192,192,120365,1,0,0:0:0:0:
192,192,120480,1,0,0:0:0:0:
64,192,120480,1,0,0:0:0:0:
448,192,120480,1,0,0:0:0:0:
448,192,120596,1,0,0:0:0:0:
448,192,120711,1,0,0:0:0:0:
320,192,120711,1,0,0:0:0:0:
192,192,120711,1,0,0:0:0:0:
320,192,120826,1,0,0:0:0:0:
64,192,120942,1,0,0:0:0:0:
192,192,120942,1,0,0:0:0:0:
448,192,120942,1,0,0:0:0:0:
192,192,121057,1,0,0:0:0:0:
448,192,121173,1,0,0:0:0:0:
64,192,121173,1,0,0:0:0:0:
320,192,121173,1,0,0:0:0:0:
64,192,121288,1,0,0:0:0:0:
320,192,121403,1,0,0:0:0:0:
192,192,121403,1,0,0:0:0:0:
64,192,121403,1,0,0:0:0:0:
320,192,121519,1,0,0:0:0:0:
192,192,121519,1,0,0:0:0:0:
448,192,121519,1,0,0:0:0:0:
448,192,121634,1,0,0:0:0:0:
320,192,121634,1,0,0:0:0:0:
64,192,121634,1,0,0:0:0:0:
448,192,121750,1,0,0:0:0:0:
192,192,121750,1,0,0:0:0:0:
64,192,121750,1,0,0:0:0:0:
64,192,121865,1,0,0:0:0:0:
448,192,121865,1,0,0:0:0:0:
192,192,121865,1,0,0:0:0:0:
320,192,121980,1,0,0:0:0:0:
192,192,121980,1,0,0:0:0:0:
320,192,122096,1,0,0:0:0:0:
64,192,122096,1,0,0:0:0:0:
448,192,122096,1,0,0:0:0:0:
192,192,122211,1,0,0:0:0:0:
448,192,122211,1,0,0:0:0:0:
192,192,122326,1,0,0:0:0:0:
64,192,122326,1,0,0:0:0:0:
320,192,122326,1,0,0:0:0:0:
192,192,122442,1,0,0:0:0:0:
64,192,122442,1,0,0:0:0:0:
320,192,122557,1,0,0:0:0:0:
64,192,122557,1,0,0:0:0:0:
448,192,122557,1,0,0:0:0:0:
192,192,122673,1,0,0:0:0:0:
448,192,122673,1,0,0:0:0:0:
320,192,122788,1,0,0:0:0:0:
448,192,122788,1,0,0:0:0:0:
192,192,122788,1,0,0:0:0:0:
320,192,122903,1,0,0:0:0:0:
64,192,122903,1,0,0:0:0:0:
192,192,123019,1,0,0:0:0:0:
64,192,123019,1,0,0:0:0:0:
448,192,123019,1,0,0:0:0:0:
64,192,123134,1,0,0:0:0:0:
192,192,123134,1,0,0:0:0:0:
320,192,123250,1,0,0:0:0:0:
192,192,123250,1,0,0:0:0:0:
448,192,123250,1,0,0:0:0:0:
320,192,123365,1,0,0:0:0:0:
448,192,123365,1,0,0:0:0:0:
448,192,123480,1,0,0:0:0:0:
192,192,123480,1,0,0:0:0:0:
64,192,123480,1,0,0:0:0:0:
320,192,123596,1,0,0:0:0:0:
192,192,123596,1,0,0:0:0:0:
320,192,123711,1,0,0:0:0:0:
448,192,123711,1,0,0:0:0:0:
64,192,123711,1,0,0:0:0:0:
192,192,123826,1,0,0:0:0:0:
448,192,123826,1,0,0:0:0:0:
320,192,123942,1,0,0:0:0:0:
192,192,123942,1,0,0:0:0:0:
64,192,123942,1,0,0:0:0:0:
64,192,124057,1,0,0:0:0:0:
320,192,124057,1,0,0:0:0:0:
192,192,124173,5,0,0:0:0:0:
64,192,124173,1,0,0:0:0:0:
320,192,124230,1,0,0:0:0:0:
448,192,124230,1,0,0:0:0:0:
192,192,124288,1,0,0:0:0:0:
64,192,124288,1,0,0:0:0:0:
320,192,124346,1,0,0:0:0:0:
448,192,124346,1,0,0:0:0:0:
192,192,124403,1,0,0:0:0:0:
64,192,124403,1,0,0:0:0:0:
320,192,124461,1,0,0:0:0:0:
448,192,124461,1,0,0:0:0:0:
192,192,124519,1,0,0:0:0:0:
64,192,124519,1,0,0:0:0:0:
320,192,124576,1,0,0:0:0:0:
448,192,124576,1,0,0:0:0:0:
192,192,124634,1,0,0:0:0:0:
64,192,124634,1,0,0:0:0:0:
320,192,124692,1,0,0:0:0:0:
448,192,124750,1,0,0:0:0:0:
64,192,124750,1,0,0:0:0:0:
192,192,124807,1,0,0:0:0:0:
320,192,124865,1,0,0:0:0:0:
448,192,124865,1,0,0:0:0:0:
448,192,125096,5,0,0:0:0:0:
320,192,125110,1,0,0:0:0:0:
192,192,125125,1,0,0:0:0:0:
64,192,125139,1,0,0:0:0:0:
64,192,125326,1,0,0:0:0:0:
192,192,125341,1,0,0:0:0:0:
320,192,125355,1,0,0:0:0:0:
448,192,125370,1,0,0:0:0:0:
64,192,125557,1,0,0:0:0:0:
192,192,125557,1,0,0:0:0:0:
320,192,125557,1,0,0:0:0:0:
64,192,125673,1,0,0:0:0:0:
192,192,125673,1,0,0:0:0:0:
320,192,125788,1,0,0:0:0:0:
448,192,125788,1,0,0:0:0:0:
64,192,125788,1,0,0:0:0:0:
192,192,125903,1,0,0:0:0:0:
448,192,125903,1,0,0:0:0:0:
320,192,126019,1,0,0:0:0:0:
192,192,126019,1,0,0:0:0:0:
448,192,126019,1,0,0:0:0:0:
64,192,126134,1,0,0:0:0:0:
320,192,126134,1,0,0:0:0:0:
192,192,126250,1,0,0:0:0:0:
64,192,126250,1,0,0:0:0:0:
448,192,126250,1,0,0:0:0:0:
320,192,126365,1,0,0:0:0:0:
448,192,126365,1,0,0:0:0:0:
320,192,126480,1,0,0:0:0:0:
448,192,126480,1,0,0:0:0:0:
64,192,126480,1,0,0:0:0:0:
192,192,126596,1,0,0:0:0:0:
320,192,126596,1,0,0:0:0:0:
64,192,126711,1,0,0:0:0:0:
192,192,126711,1,0,0:0:0:0:
448,192,126711,1,0,0:0:0:0:
64,192,126826,1,0,0:0:0:0:
320,192,126826,1,0,0:0:0:0:
192,192,126942,1,0,0:0:0:0:
320,192,126942,1,0,0:0:0:0:
448,192,126942,1,0,0:0:0:0:
192,192,127057,1,0,0:0:0:0:
448,192,127057,1,0,0:0:0:0:
192,192,127173,1,0,0:0:0:0:
320,192,127173,1,0,0:0:0:0:
64,192,127173,1,0,0:0:0:0:
64,192,127288,1,0,0:0:0:0:
320,192,127288,1,0,0:0:0:0:
192,192,127288,1,0,0:0:0:0:
320,192,127403,1,0,0:0:0:0:
448,192,127403,1,0,0:0:0:0:
64,192,127403,1,0,0:0:0:0:
64,192,127519,1,0,0:0:0:0:
192,192,127519,1,0,0:0:0:0:
448,192,127519,1,0,0:0:0:0:
320,192,127634,1,0,0:0:0:0:
448,192,127634,1,0,0:0:0:0:
192,192,127634,1,0,0:0:0:0:
320,192,127750,1,0,0:0:0:0:
448,192,127750,1,0,0:0:0:0:
192,192,127865,1,0,0:0:0:0:
64,192,127865,1,0,0:0:0:0:
320,192,127865,1,0,0:0:0:0:
64,192,127980,1,0,0:0:0:0:
192,192,127980,1,0,0:0:0:0:
64,192,128096,1,0,0:0:0:0:
320,192,128096,1,0,0:0:0:0:
448,192,128096,1,0,0:0:0:0:
192,192,128211,1,0,0:0:0:0:
448,192,128211,1,0,0:0:0:0:
192,192,128326,1,0,0:0:0:0:
320,192,128326,1,0,0:0:0:0:
448,192,128326,1,0,0:0:0:0:
320,192,128442,1,0,0:0:0:0:
64,192,128442,1,0,0:0:0:0:
64,192,128557,1,0,0:0:0:0:
192,192,128557,1,0,0:0:0:0:
320,192,128557,1,0,0:0:0:0:
192,192,128673,1,0,0:0:0:0:
448,192,128673,1,0,0:0:0:0:
320,192,128788,1,0,0:0:0:0:
448,192,128788,1,0,0:0:0:0:
192,192,128788,1,0,0:0:0:0:
320,192,128903,1,0,0:0:0:0:
448,192,128903,1,0,0:0:0:0:
64,192,128903,1,0,0:0:0:0:
192,192,129019,1,0,0:0:0:0:
64,192,129019,1,0,0:0:0:0:
320,192,129019,1,0,0:0:0:0:
192,192,129134,1,0,0:0:0:0:
64,192,129134,1,0,0:0:0:0:
448,192,129134,1,0,0:0:0:0:
64,192,129250,1,0,0:0:0:0:
320,192,129250,1,0,0:0:0:0:
448,192,129250,1,0,0:0:0:0:
192,192,129365,1,0,0:0:0:0:
320,192,129365,1,0,0:0:0:0:
192,192,129480,1,0,0:0:0:0:
64,192,129480,1,0,0:0:0:0:
448,192,129480,1,0,0:0:0:0:
320,192,129596,1,0,0:0:0:0:
64,192,129596,1,0,0:0:0:0:
64,192,129711,1,0,0:0:0:0:
192,192,129711,1,0,0:0:0:0:
448,192,129711,1,0,0:0:0:0:
192,192,129826,1,0,0:0:0:0:
320,192,129826,1,0,0:0:0:0:
320,192,129942,1,0,0:0:0:0:
448,192,129942,1,0,0:0:0:0:
64,192,129942,1,0,0:0:0:0:
192,192,130057,1,0,0:0:0:0:
448,192,130057,1,0,0:0:0:0:
320,192,130173,1,0,0:0:0:0:
192,192,130173,1,0,0:0:0:0:
448,192,130173,1,0,0:0:0:0:
64,192,130288,1,0,0:0:0:0:
320,192,130288,1,0,0:0:0:0:
64,192,130403,1,0,0:0:0:0:
192,192,130403,1,0,0:0:0:0:
320,192,130403,1,0,0:0:0:0:
64,192,130519,1,0,0:0:0:0:
192,192,130519,1,0,0:0:0:0:
64,192,130634,1,0,0:0:0:0:
192,192,130634,1,0,0:0:0:0:
448,192,130634,1,0,0:0:0:0:
192,192,130750,1,0,0:0:0:0:
320,192,130750,1,0,0:0:0:0:
320,192,130865,1,0,0:0:0:0:
448,192,130865,1,0,0:0:0:0:
64,192,130865,1,0,0:0:0:0:
320,192,130980,1,0,0:0:0:0:
448,192,130980,1,0,0:0:0:0:
192,192,130980,1,0,0:0:0:0:
192,192,131096,1,0,0:0:0:0:
448,192,131096,1,0,0:0:0:0:
64,192,131096,1,0,0:0:0:0:
64,192,131211,1,0,0:0:0:0:
192,192,131211,1,0,0:0:0:0:
448,192,131211,1,0,0:0:0:0:
320,192,131326,1,0,0:0:0:0:
192,192,131326,1,0,0:0:0:0:
64,192,131326,1,0,0:0:0:0:
448,192,131442,1,0,0:0:0:0:
64,192,131442,1,0,0:0:0:0:
448,192,131557,1,0,0:0:0:0:
192,192,131557,1,0,0:0:0:0:
320,192,131557,1,0,0:0:0:0:
448,192,131673,1,0,0:0:0:0:
320,192,131673,1,0,0:0:0:0:
320,192,131788,1,0,0:0:0:0:
64,192,131788,1,0,0:0:0:0:
448,192,131788,1,0,0:0:0:0:
192,192,131903,1,0,0:0:0:0:
64,192,131903,1,0,0:0:0:0:
192,192,132019,1,0,0:0:0:0:
64,192,132019,1,0,0:0:0:0:
320,192,132019,1,0,0:0:0:0:
320,192,132134,1,0,0:0:0:0:
64,192,132134,1,0,0:0:0:0:
320,192,132250,1,0,0:0:0:0:
448,192,132250,1,0,0:0:0:0:
192,192,132250,1,0,0:0:0:0:
192,192,132365,1,0,0:0:0:0:
448,192,132365,1,0,0:0:0:0:
320,192,132480,1,0,0:0:0:0:
448,192,132480,1,0,0:0:0:0:
64,192,132480,1,0,0:0:0:0:
192,192,132596,1,0,0:0:0:0:
64,192,132596,1,0,0:0:0:0:
320,192,132596,1,0,0:0:0:0:
192,192,132711,1,0,0:0:0:0:
64,192,132711,1,0,0:0:0:0:
320,192,132769,1,0,0:0:0:0:
448,192,132769,1,0,0:0:0:0:
192,192,132826,1,0,0:0:0:0:
64,192,132826,1,0,0:0:0:0:
320,192,132884,1,0,0:0:0:0:
448,192,132884,1,0,0:0:0:0:
192,192,132942,1,0,0:0:0:0:
64,192,132942,1,0,0:0:0:0:
64,192,133057,1,0,0:0:0:0:
320,192,133057,1,0,0:0:0:0:
192,192,133173,1,0,0:0:0:0:
320,192,133173,1,0,0:0:0:0:
448,192,133173,1,0,0:0:0:0:
192,192,133288,1,0,0:0:0:0:
448,192,133288,1,0,0:0:0:0:
320,192,133403,1,0,0:0:0:0:
448,192,133403,1,0,0:0:0:0:
64,192,133403,1,0,0:0:0:0:
192,192,133519,1,0,0:0:0:0:
320,192,133519,1,0,0:0:0:0:
64,192,133634,1,0,0:0:0:0:
192,192,133634,1,0,0:0:0:0:
448,192,133634,1,0,0:0:0:0:
320,192,133750,1,0,0:0:0:0:
448,192,133750,1,0,0:0:0:0:
192,192,133865,1,0,0:0:0:0:
320,192,133865,1,0,0:0:0:0:
448,192,133865,1,0,0:0:0:0:
192,192,133980,1,0,0:0:0:0:
64,192,133980,1,0,0:0:0:0:
64,192,134096,1,0,0:0:0:0:
192,192,134096,1,0,0:0:0:0:
320,192,134096,1,0,0:0:0:0:
64,192,134211,1,0,0:0:0:0:
320,192,134211,1,0,0:0:0:0:
192,192,134326,1,0,0:0:0:0:
320,192,134326,1,0,0:0:0:0:
448,192,134326,1,0,0:0:0:0:
320,192,134442,1,0,0:0:0:0:
448,192,134442,1,0,0:0:0:0:
192,192,134557,1,0,0:0:0:0:
448,192,134557,1,0,0:0:0:0:
64,192,134557,1,0,0:0:0:0:
192,192,134673,1,0,0:0:0:0:
64,192,134673,1,0,0:0:0:0:
320,192,134673,1,0,0:0:0:0:
64,192,134788,1,0,0:0:0:0:
192,192,134788,1,0,0:0:0:0:
320,192,134788,1,0,0:0:0:0:
320,192,134903,1,0,0:0:0:0:
448,192,134903,1,0,0:0:0:0:
192,192,134903,1,0,0:0:0:0:
320,192,135019,1,0,0:0:0:0:
64,192,135019,1,0,0:0:0:0:
448,192,135019,1,0,0:0:0:0:
192,192,135134,1,0,0:0:0:0:
448,192,135134,1,0,0:0:0:0:
320,192,135250,1,0,0:0:0:0:
448,192,135250,1,0,0:0:0:0:
192,192,135250,1,0,0:0:0:0:
320,192,135365,1,0,0:0:0:0:
64,192,135365,1,0,0:0:0:0:
192,192,135480,1,0,0:0:0:0:
64,192,135480,1,0,0:0:0:0:
448,192,135480,1,0,0:0:0:0:
448,192,135596,1,0,0:0:0:0:
192,192,135596,1,0,0:0:0:0:
320,192,135596,1,0,0:0:0:0:
64,192,135711,1,0,0:0:0:0:
320,192,135711,1,0,0:0:0:0:
448,192,135711,1,0,0:0:0:0:
320,192,135826,1,0,0:0:0:0:
448,192,135826,1,0,0:0:0:0:
192,192,135942,1,0,0:0:0:0:
64,192,135942,1,0,0:0:0:0:
320,192,135942,1,0,0:0:0:0:
192,192,136057,1,0,0:0:0:0:
64,192,136057,1,0,0:0:0:0:
64,192,136173,1,0,0:0:0:0:
192,192,136173,1,0,0:0:0:0:
448,192,136173,1,0,0:0:0:0:
320,192,136288,1,0,0:0:0:0:
64,192,136288,1,0,0:0:0:0:
448,192,136288,1,0,0:0:0:0:
320,192,136403,1,0,0:0:0:0:
448,192,136403,1,0,0:0:0:0:
192,192,136403,1,0,0:0:0:0:
320,192,136519,1,0,0:0:0:0:
448,192,136519,1,0,0:0:0:0:
192,192,136519,1,0,0:0:0:0:
192,192,136634,1,0,0:0:0:0:
64,192,136634,1,0,0:0:0:0:
320,192,136634,1,0,0:0:0:0:
448,192,136634,1,0,0:0:0:0:
64,192,136750,1,0,0:0:0:0:
64,192,136865,1,0,0:0:0:0:
192,192,136865,1,0,0:0:0:0:
320,192,136865,1,0,0:0:0:0:
448,192,136865,1,0,0:0:0:0:
448,192,136980,1,0,0:0:0:0:
320,192,137096,1,0,0:0:0:0:
448,192,137096,1,0,0:0:0:0:
192,192,137096,1,0,0:0:0:0:
64,192,137096,1,0,0:0:0:0:
192,192,137211,1,0,0:0:0:0:
64,192,137326,1,0,0:0:0:0:
192,192,137326,1,0,0:0:0:0:
320,192,137326,1,0,0:0:0:0:
448,192,137326,1,0,0:0:0:0:
320,192,137442,1,0,0:0:0:0:
320,192,137557,1,0,0:0:0:0:
448,192,137557,1,0,0:0:0:0:
192,192,137557,1,0,0:0:0:0:
64,192,137557,1,0,0:0:0:0:
64,192,137673,1,0,0:0:0:0:
64,192,137788,1,0,0:0:0:0:
192,192,137788,1,0,0:0:0:0:
320,192,137788,1,0,0:0:0:0:
448,192,137788,1,0,0:0:0:0:
448,192,137903,1,0,0:0:0:0:
448,192,138019,1,0,0:0:0:0:
320,192,138019,1,0,0:0:0:0:
192,192,138019,1,0,0:0:0:0:
64,192,138019,1,0,0:0:0:0:
320,192,138134,1,0,0:0:0:0:
320,192,138250,1,0,0:0:0:0:
448,192,138250,1,0,0:0:0:0:
192,192,138250,1,0,0:0:0:0:
64,192,138250,1,0,0:0:0:0:
192,192,138365,1,0,0:0:0:0:
64,192,138365,1,0,0:0:0:0:
448,192,138365,1,0,0:0:0:0:
64,192,138480,1,0,0:0:0:0:
192,192,138480,1,0,0:0:0:0:
320,192,138480,1,0,0:0:0:0:
64,192,138596,1,0,0:0:0:0:
320,192,138596,1,0,0:0:0:0:
448,192,138596,1,0,0:0:0:0:
320,192,138711,1,0,0:0:0:0:
448,192,138711,1,0,0:0:0:0:
192,192,138711,1,0,0:0:0:0:
192,192,138826,1,0,0:0:0:0:
448,192,138826,1,0,0:0:0:0:
320,192,138942,1,0,0:0:0:0:
192,192,138942,1,0,0:0:0:0:
64,192,138942,1,0,0:0:0:0:
64,192,139057,1,0,0:0:0:0:
320,192,139057,1,0,0:0:0:0:
192,192,139173,1,0,0:0:0:0:
64,192,139173,1,0,0:0:0:0:
448,192,139173,1,0,0:0:0:0:
320,192,139288,1,0,0:0:0:0:
448,192,139288,1,0,0:0:0:0:
64,192,139403,1,0,0:0:0:0:
192,192,139403,1,0,0:0:0:0:
448,192,139461,1,0,0:0:0:0:
320,192,139461,1,0,0:0:0:0:
192,192,139519,1,0,0:0:0:0:
64,192,139519,1,0,0:0:0:0:
192,192,139634,1,0,0:0:0:0:
320,192,139634,1,0,0:0:0:0:
64,192,139634,1,0,0:0:0:0:
448,192,139750,1,0,0:0:0:0:
320,192,139750,1,0,0:0:0:0:
64,192,139750,1,0,0:0:0:0:
320,192,139865,1,0,0:0:0:0:
448,192,139865,1,0,0:0:0:0:
64,192,139923,1,0,0:0:0:0:
192,192,139923,1,0,0:0:0:0:
320,192,139980,1,0,0:0:0:0:
448,192,139980,1,0,0:0:0:0:
192,192,140096,1,0,0:0:0:0:
64,192,140096,1,0,0:0:0:0:
320,192,140153,1,0,0:0:0:0:
448,192,140153,1,0,0:0:0:0:
192,192,140211,1,0,0:0:0:0:
64,192,140211,1,0,0:0:0:0:
320,192,140269,1,0,0:0:0:0:
448,192,140269,1,0,0:0:0:0:
192,192,140326,1,0,0:0:0:0:
64,192,140326,1,0,0:0:0:0:
448,192,140442,1,0,0:0:0:0:
320,192,140442,1,0,0:0:0:0:
320,192,140557,1,0,0:0:0:0:
448,192,140557,1,0,0:0:0:0:
192,192,140557,1,0,0:0:0:0:
320,192,140673,1,0,0:0:0:0:
64,192,140673,1,0,0:0:0:0:
64,192,140788,1,0,0:0:0:0:
192,192,140788,1,0,0:0:0:0:
448,192,140788,1,0,0:0:0:0:
192,192,140903,1,0,0:0:0:0:
320,192,140903,1,0,0:0:0:0:
320,192,141019,1,0,0:0:0:0:
448,192,141019,1,0,0:0:0:0:
64,192,141019,1,0,0:0:0:0:
64,192,141134,1,0,0:0:0:0:
192,192,141134,1,0,0:0:0:0:
448,192,141250,1,0,0:0:0:0:
64,192,141250,1,0,0:0:0:0:
192,192,141250,1,0,0:0:0:0:
320,192,141365,1,0,0:0:0:0:
448,192,141365,1,0,0:0:0:0:
320,192,141480,1,0,0:0:0:0:
448,192,141480,1,0,0:0:0:0:
64,192,141480,1,0,0:0:0:0:
192,192,141596,1,0,0:0:0:0:
320,192,141596,1,0,0:0:0:0:
64,192,141711,1,0,0:0:0:0:
192,192,141711,1,0,0:0:0:0:
448,192,141711,1,0,0:0:0:0:
64,192,141826,1,0,0:0:0:0:
320,192,141826,1,0,0:0:0:0:
192,192,141942,1,0,0:0:0:0:
320,192,141942,1,0,0:0:0:0:
448,192,141942,1,0,0:0:0:0:
320,192,142057,1,0,0:0:0:0:
448,192,142057,1,0,0:0:0:0:
64,192,142057,1,0,0:0:0:0:
192,192,142173,1,0,0:0:0:0:
64,192,142173,1,0,0:0:0:0:
448,192,142173,1,0,0:0:0:0:
64,192,142288,1,0,0:0:0:0:
192,192,142288,1,0,0:0:0:0:
320,192,142403,1,0,0:0:0:0:
448,192,142403,1,0,0:0:0:0:
192,192,142403,1,0,0:0:0:0:
64,192,142519,1,0,0:0:0:0:
448,192,142519,1,0,0:0:0:0:
320,192,142634,1,0,0:0:0:0:
448,192,142634,1,0,0:0:0:0:
192,192,142634,1,0,0:0:0:0:
320,192,142750,1,0,0:0:0:0:
192,192,142750,1,0,0:0:0:0:
192,192,142865,1,0,0:0:0:0:
64,192,142865,1,0,0:0:0:0:
448,192,142865,1,0,0:0:0:0:
64,192,142980,1,0,0:0:0:0:
320,192,142980,1,0,0:0:0:0:
192,192,143096,1,0,0:0:0:0:
320,192,143096,1,0,0:0:0:0:
448,192,143096,1,0,0:0:0:0:
192,192,143211,1,0,0:0:0:0:
448,192,143211,1,0,0:0:0:0:
320,192,143326,1,0,0:0:0:0:
448,192,143326,1,0,0:0:0:0:
64,192,143326,1,0,0:0:0:0:
192,192,143442,1,0,0:0:0:0:
64,192,143442,1,0,0:0:0:0:
64,192,143557,1,0,0:0:0:0:
192,192,143557,1,0,0:0:0:0:
320,192,143557,1,0,0:0:0:0:
192,192,143673,1,0,0:0:0:0:
448,192,143673,1,0,0:0:0:0:
320,192,143788,1,0,0:0:0:0:
448,192,143788,1,0,0:0:0:0:
64,192,143788,1,0,0:0:0:0:
320,192,143903,1,0,0:0:0:0:
448,192,143903,1,0,0:0:0:0:
192,192,143903,1,0,0:0:0:0:
320,192,144019,1,0,0:0:0:0:
192,192,144019,1,0,0:0:0:0:
64,192,144019,1,0,0:0:0:0:
64,192,144134,1,0,0:0:0:0:
192,192,144134,1,0,0:0:0:0:
448,192,144134,1,0,0:0:0:0:
320,192,144250,1,0,0:0:0:0:
448,192,144250,1,0,0:0:0:0:
64,192,144250,1,0,0:0:0:0:
192,192,144365,1,0,0:0:0:0:
448,192,144365,1,0,0:0:0:0:
192,192,144480,1,0,0:0:0:0:
64,192,144480,1,0,0:0:0:0:
320,192,144480,1,0,0:0:0:0:
64,192,144596,1,0,0:0:0:0:
192,192,144596,1,0,0:0:0:0:
192,192,144711,1,0,0:0:0:0:
448,192,144711,1,0,0:0:0:0:
64,192,144711,1,0,0:0:0:0:
448,192,144826,1,0,0:0:0:0:
320,192,144826,1,0,0:0:0:0:
320,192,144942,1,0,0:0:0:0:
64,192,144942,1,0,0:0:0:0:
448,192,144942,1,0,0:0:0:0:
192,192,145057,1,0,0:0:0:0:
320,192,145057,1,0,0:0:0:0:
192,192,145173,1,0,0:0:0:0:
448,192,145173,1,0,0:0:0:0:
64,192,145173,1,0,0:0:0:0:
192,192,145288,1,0,0:0:0:0:
64,192,145288,1,0,0:0:0:0:
320,192,145403,1,0,0:0:0:0:
448,192,145403,1,0,0:0:0:0:
64,192,145403,1,0,0:0:0:0:
448,192,145519,1,0,0:0:0:0:
320,192,145519,1,0,0:0:0:0:
192,192,145634,1,0,0:0:0:0:
64,192,145634,1,0,0:0:0:0:
448,192,145634,1,0,0:0:0:0:
192,192,145750,1,0,0:0:0:0:
64,192,145750,1,0,0:0:0:0:
320,192,145750,1,0,0:0:0:0:
192,192,145865,1,0,0:0:0:0:
320,192,145865,1,0,0:0:0:0:
448,192,145865,1,0,0:0:0:0:
320,192,145980,1,0,0:0:0:0:
448,192,145980,1,0,0:0:0:0:
448,192,146096,1,0,0:0:0:0:
64,192,146096,1,0,0:0:0:0:
192,192,146096,1,0,0:0:0:0:
64,192,146211,1,0,0:0:0:0:
320,192,146211,1,0,0:0:0:0:
192,192,146326,1,0,0:0:0:0:
64,192,146326,1,0,0:0:0:0:
320,192,146326,1,0,0:0:0:0:
192,192,146442,1,0,0:0:0:0:
448,192,146442,1,0,0:0:0:0:
192,192,146557,1,0,0:0:0:0:
320,192,146557,1,0,0:0:0:0:
448,192,146557,1,0,0:0:0:0:
320,192,146673,1,0,0:0:0:0:
448,192,146673,1,0,0:0:0:0:
192,192,146788,1,0,0:0:0:0:
64,192,146788,1,0,0:0:0:0:
320,192,146788,1,0,0:0:0:0:
64,192,146903,1,0,0:0:0:0:
192,192,146903,1,0,0:0:0:0:
64,192,147019,1,0,0:0:0:0:
320,192,147019,1,0,0:0:0:0:
448,192,147019,1,0,0:0:0:0:
192,192,147134,1,0,0:0:0:0:
448,192,147134,1,0,0:0:0:0:
320,192,147250,1,0,0:0:0:0:
448,192,147250,1,0,0:0:0:0:
64,192,147250,1,0,0:0:0:0:
192,192,147365,1,0,0:0:0:0:
320,192,147365,1,0,0:0:0:0:
448,192,147365,1,0,0:0:0:0:
192,192,147480,1,0,0:0:0:0:
64,192,147480,1,0,0:0:0:0:
320,192,147480,1,0,0:0:0:0:
192,192,147596,1,0,0:0:0:0:
64,192,147596,1,0,0:0:0:0:
448,192,147596,1,0,0:0:0:0:
64,192,147711,1,0,0:0:0:0:
192,192,147711,1,0,0:0:0:0:
320,192,147711,1,0,0:0:0:0:
448,192,147711,1,0,0:0:0:0:
320,192,147826,1,0,0:0:0:0:
448,192,147826,1,0,0:0:0:0:
320,192,147942,1,0,0:0:0:0:
448,192,147942,1,0,0:0:0:0:
64,192,147942,1,0,0:0:0:0:
192,192,148057,1,0,0:0:0:0:
64,192,148057,1,0,0:0:0:0:
64,192,148173,1,0,0:0:0:0:
192,192,148173,1,0,0:0:0:0:
320,192,148173,1,0,0:0:0:0:
448,192,148173,1,0,0:0:0:0:
192,192,148288,1,0,0:0:0:0:
448,192,148288,1,0,0:0:0:0:
320,192,148403,1,0,0:0:0:0:
448,192,148403,1,0,0:0:0:0:
64,192,148403,1,0,0:0:0:0:
192,192,148519,1,0,0:0:0:0:
64,192,148519,1,0,0:0:0:0:
320,192,148634,1,0,0:0:0:0:
448,192,148634,1,0,0:0:0:0:
192,192,148634,1,0,0:0:0:0:
64,192,148634,1,0,0:0:0:0:
320,192,148750,1,0,0:0:0:0:
448,192,148750,1,0,0:0:0:0:
320,192,148865,1,0,0:0:0:0:
448,192,148865,1,0,0:0:0:0:
64,192,148865,1,0,0:0:0:0:
192,192,148980,1,0,0:0:0:0:
64,192,148980,1,0,0:0:0:0:
64,192,149096,1,0,0:0:0:0:
192,192,149096,1,0,0:0:0:0:
320,192,149096,1,0,0:0:0:0:
448,192,149096,1,0,0:0:0:0:
320,192,149211,1,0,0:0:0:0:
448,192,149211,1,0,0:0:0:0:
64,192,149326,1,0,0:0:0:0:
448,192,149326,1,0,0:0:0:0:
192,192,149326,1,0,0:0:0:0:
192,192,149442,1,0,0:0:0:0:
64,192,149442,1,0,0:0:0:0:
320,192,149442,1,0,0:0:0:0:
64,192,149557,1,0,0:0:0:0:
192,192,149557,1,0,0:0:0:0:
320,192,149557,1,0,0:0:0:0:
448,192,149557,1,0,0:0:0:0:
320,192,149673,1,0,0:0:0:0:
448,192,149673,1,0,0:0:0:0:
192,192,149788,1,0,0:0:0:0:
64,192,149788,1,0,0:0:0:0:
448,192,149788,1,0,0:0:0:0:
320,192,149903,1,0,0:0:0:0:
64,192,149903,1,0,0:0:0:0:
64,192,150019,1,0,0:0:0:0:
192,192,150019,1,0,0:0:0:0:
320,192,150019,1,0,0:0:0:0:
448,192,150019,1,0,0:0:0:0:
192,192,150134,1,0,0:0:0:0:
448,192,150134,1,0,0:0:0:0:
320,192,150250,1,0,0:0:0:0:
448,192,150250,1,0,0:0:0:0:
64,192,150250,1,0,0:0:0:0:
192,192,150365,1,0,0:0:0:0:
64,192,150365,1,0,0:0:0:0:
64,192,150480,1,0,0:0:0:0:
192,192,150480,1,0,0:0:0:0:
320,192,150480,1,0,0:0:0:0:
448,192,150480,1,0,0:0:0:0:
320,192,150596,1,0,0:0:0:0:
448,192,150596,1,0,0:0:0:0:
192,192,150711,1,0,0:0:0:0:
320,192,150711,1,0,0:0:0:0:
448,192,150711,1,0,0:0:0:0:
64,192,150826,1,0,0:0:0:0:
448,192,150826,1,0,0:0:0:0:
320,192,150942,1,0,0:0:0:0:
448,192,150942,1,0,0:0:0:0:
192,192,150942,1,0,0:0:0:0:
64,192,150942,1,0,0:0:0:0:
192,192,151057,1,0,0:0:0:0:
64,192,151057,1,0,0:0:0:0:
320,192,151173,1,0,0:0:0:0:
448,192,151173,1,0,0:0:0:0:
64,192,151173,1,0,0:0:0:0:
320,192,151288,1,0,0:0:0:0:
448,192,151288,1,0,0:0:0:0:
192,192,151288,1,0,0:0:0:0:
64,192,151403,1,0,0:0:0:0:
192,192,151403,1,0,0:0:0:0:
320,192,151403,1,0,0:0:0:0:
448,192,151403,1,0,0:0:0:0:
320,192,151519,1,0,0:0:0:0:
64,192,151519,1,0,0:0:0:0:
192,192,151519,1,0,0:0:0:0:
192,192,151634,1,0,0:0:0:0:
64,192,151634,1,0,0:0:0:0:
448,192,151634,1,0,0:0:0:0:
448,192,151750,1,0,0:0:0:0:
320,192,151750,1,0,0:0:0:0:
64,192,151865,1,0,0:0:0:0:
192,192,151865,1,0,0:0:0:0:
320,192,151865,1,0,0:0:0:0:
448,192,151865,1,0,0:0:0:0:
192,192,151980,1,0,0:0:0:0:
64,192,151980,1,0,0:0:0:0:
64,192,152096,1,0,0:0:0:0:
192,192,152096,1,0,0:0:0:0:
320,192,152096,1,0,0:0:0:0:
192,192,152211,1,0,0:0:0:0:
448,192,152211,1,0,0:0:0:0:
64,192,152326,1,0,0:0:0:0:
192,192,152326,1,0,0:0:0:0:
320,192,152326,1,0,0:0:0:0:
448,192,152326,1,0,0:0:0:0:
320,192,152442,1,0,0:0:0:0:
448,192,152442,1,0,0:0:0:0:
320,192,152557,1,0,0:0:0:0:
448,192,152557,1,0,0:0:0:0:
64,192,152557,1,0,0:0:0:0:
192,192,152673,1,0,0:0:0:0:
64,192,152673,1,0,0:0:0:0:
64,192,152788,1,0,0:0:0:0:
192,192,152788,1,0,0:0:0:0:
320,192,152788,1,0,0:0:0:0:
448,192,152788,1,0,0:0:0:0:
320,192,152903,1,0,0:0:0:0:
448,192,152903,1,0,0:0:0:0:
192,192,153019,1,0,0:0:0:0:
448,192,153019,1,0,0:0:0:0:
64,192,153019,1,0,0:0:0:0:
192,192,153134,1,0,0:0:0:0:
64,192,153134,1,0,0:0:0:0:
320,192,153134,1,0,0:0:0:0:
64,192,153250,1,0,0:0:0:0:
192,192,153250,1,0,0:0:0:0:
320,192,153250,1,0,0:0:0:0:
448,192,153250,1,0,0:0:0:0:
192,192,153365,1,0,0:0:0:0:
448,192,153365,1,0,0:0:0:0:
320,192,153480,1,0,0:0:0:0:
448,192,153480,1,0,0:0:0:0:
64,192,153480,1,0,0:0:0:0:
192,192,153596,1,0,0:0:0:0:
320,192,153596,1,0,0:0:0:0:
64,192,153711,1,0,0:0:0:0:
192,192,153711,1,0,0:0:0:0:
320,192,153711,1,0,0:0:0:0:
448,192,153711,1,0,0:0:0:0:
64,192,153826,1,0,0:0:0:0:
448,192,153826,1,0,0:0:0:0:
64,192,153942,1,0,0:0:0:0:
192,192,153942,1,0,0:0:0:0:
320,192,153942,1,0,0:0:0:0:
192,192,154057,1,0,0:0:0:0:
448,192,154057,1,0,0:0:0:0:
64,192,154173,1,0,0:0:0:0:
192,192,154173,1,0,0:0:0:0:
320,192,154173,1,0,0:0:0:0:
448,192,154173,1,0,0:0:0:0:
320,192,154288,1,0,0:0:0:0:
448,192,154288,1,0,0:0:0:0:
192,192,154403,1,0,0:0:0:0:
64,192,154403,1,0,0:0:0:0:
320,192,154403,1,0,0:0:0:0:
192,192,154519,1,0,0:0:0:0:
64,192,154519,1,0,0:0:0:0:
64,192,154634,1,0,0:0:0:0:
192,192,154634,1,0,0:0:0:0:
320,192,154634,1,0,0:0:0:0:
448,192,154634,1,0,0:0:0:0:
320,192,154750,1,0,0:0:0:0:
448,192,154750,1,0,0:0:0:0:
64,192,154750,1,0,0:0:0:0:
192,192,154865,1,0,0:0:0:0:
320,192,154865,1,0,0:0:0:0:
448,192,154865,1,0,0:0:0:0:
192,192,154980,1,0,0:0:0:0:
64,192,154980,1,0,0:0:0:0:
448,192,154980,1,0,0:0:0:0:
64,192,155096,1,0,0:0:0:0:
192,192,155096,1,0,0:0:0:0:
320,192,155096,1,0,0:0:0:0:
448,192,155096,1,0,0:0:0:0:
320,192,155326,1,0,0:0:0:0:
448,192,155326,1,0,0:0:0:0:
192,192,155442,1,0,0:0:0:0:
64,192,155442,1,0,0:0:0:0:
448,192,155557,1,0,0:0:0:0:
320,192,155557,1,0,0:0:0:0:
192,192,155557,1,0,0:0:0:0:
64,192,155557,1,0,0:0:0:0:
320,192,155788,1,0,0:0:0:0:
448,192,155788,1,0,0:0:0:0:
192,192,155788,1,0,0:0:0:0:
64,192,155788,1,0,0:0:0:0:
448,192,156019,128,0,156480:0:0:0:0:
192,192,156480,128,0,156942:0:0:0:0:
64,192,156942,1,0,0:0:0:0:
448,192,156942,1,0,0:0:0:0:
320,192,157173,1,0,0:0:0:0:
192,192,157288,1,0,0:0:0:0:
64,192,157403,1,0,0:0:0:0:
448,192,157634,1,0,0:0:0:0:
192,192,157750,1,0,0:0:0:0:
320,192,157980,1,0,0:0:0:0:
64,192,158211,1,0,0:0:0:0:
320,192,158326,1,0,0:0:0:0:
448,192,158326,1,0,0:0:0:0:
192,192,158557,1,0,0:0:0:0:
192,192,158788,1,0,0:0:0:0:
64,192,158788,1,0,0:0:0:0:
320,192,159019,1,0,0:0:0:0:
448,192,159019,1,0,0:0:0:0:
64,192,159134,1,0,0:0:0:0:
448,192,159134,1,0,0:0:0:0:
192,192,159250,1,0,0:0:0:0:
64,192,159250,1,0,0:0:0:0:
320,192,159480,1,0,0:0:0:0:
448,192,159596,1,0,0:0:0:0:
64,192,159596,1,0,0:0:0:0:
192,192,159826,1,0,0:0:0:0:
448,192,159942,1,0,0:0:0:0:
64,192,160057,1,0,0:0:0:0:
320,192,160173,1,0,0:0:0:0:
64,192,160288,1,0,0:0:0:0:
448,192,160403,1,0,0:0:0:0:
192,192,160634,1,0,0:0:0:0:
64,192,160634,1,0,0:0:0:0:
448,192,160865,1,0,0:0:0:0:
320,192,160865,1,0,0:0:0:0:
192,192,161096,1,0,0:0:0:0:
320,192,161096,1,0,0:0:0:0:
192,192,161326,1,0,0:0:0:0:
64,192,161326,1,0,0:0:0:0:
64,192,161557,1,0,0:0:0:0:
448,192,161557,1,0,0:0:0:0:
320,192,161903,1,0,0:0:0:0:
448,192,161903,1,0,0:0:0:0:
192,192,162250,1,0,0:0:0:0:
64,192,162250,1,0,0:0:0:0:
448,192,162480,1,0,0:0:0:0:
192,192,162480,1,0,0:0:0:0:
448,192,162711,1,0,0:0:0:0:
64,192,162711,1,0,0:0:0:0:
192,192,162826,1,0,0:0:0:0:
320,192,162826,1,0,0:0:0:0:
64,192,162942,1,0,0:0:0:0:
448,192,162942,1,0,0:0:0:0:
320,192,163173,1,0,0:0:0:0:
448,192,163173,1,0,0:0:0:0:
192,192,163288,1,0,0:0:0:0:
64,192,163288,1,0,0:0:0:0:
448,192,163519,1,0,0:0:0:0:
64,192,163519,1,0,0:0:0:0:
320,192,163634,1,0,0:0:0:0:
192,192,163750,1,0,0:0:0:0:
64,192,163750,1,0,0:0:0:0:
320,192,163865,1,0,0:0:0:0:
448,192,163865,1,0,0:0:0:0:
192,192,163980,1,0,0:0:0:0:
320,192,164096,1,0,0:0:0:0:
448,192,164096,1,0,0:0:0:0:
64,192,164096,1,0,0:0:0:0:
192,192,164211,1,0,0:0:0:0:
320,192,164326,1,0,0:0:0:0:
192,192,164326,1,0,0:0:0:0:
64,192,164326,1,0,0:0:0:0:
448,192,164442,1,0,0:0:0:0:
448,192,164557,1,0,0:0:0:0:
320,192,164673,1,0,0:0:0:0:
448,192,164673,1,0,0:0:0:0:
192,192,164788,1,0,0:0:0:0:
64,192,164788,1,0,0:0:0:0:
320,192,164788,1,0,0:0:0:0:
64,192,164903,1,0,0:0:0:0:
64,192,165019,1,0,0:0:0:0:
192,192,165019,1,0,0:0:0:0:
448,192,165019,1,0,0:0:0:0:
192,192,165134,1,0,0:0:0:0:
448,192,165134,1,0,0:0:0:0:
320,192,165250,1,0,0:0:0:0:
448,192,165250,1,0,0:0:0:0:
320,192,165365,1,0,0:0:0:0:
64,192,165365,1,0,0:0:0:0:
64,192,165480,1,0,0:0:0:0:
192,192,165480,1,0,0:0:0:0:
64,192,165596,1,0,0:0:0:0:
320,192,165711,1,0,0:0:0:0:
448,192,165711,1,0,0:0:0:0:
192,192,165711,1,0,0:0:0:0:
320,192,165826,1,0,0:0:0:0:
64,192,165942,1,0,0:0:0:0:
192,192,165942,1,0,0:0:0:0:
448,192,165942,1,0,0:0:0:0:
64,192,166057,1,0,0:0:0:0:
192,192,166057,1,0,0:0:0:0:
448,192,166057,1,0,0:0:0:0:
320,192,166173,1,0,0:0:0:0:
448,192,166173,1,0,0:0:0:0:
64,192,166173,1,0,0:0:0:0:
320,192,166288,1,0,0:0:0:0:
320,192,166403,1,0,0:0:0:0:
64,192,166519,1,0,0:0:0:0:
192,192,166519,1,0,0:0:0:0:
320,192,166634,1,0,0:0:0:0:
448,192,166634,1,0,0:0:0:0:
64,192,166634,1,0,0:0:0:0:
448,192,166750,1,0,0:0:0:0:
192,192,166865,1,0,0:0:0:0:
64,192,166865,1,0,0:0:0:0:
320,192,166865,1,0,0:0:0:0:
448,192,166980,1,0,0:0:0:0:
64,192,166980,1,0,0:0:0:0:
448,192,167096,1,0,0:0:0:0:
320,192,167096,1,0,0:0:0:0:
320,192,167211,1,0,0:0:0:0:
64,192,167211,1,0,0:0:0:0:
64,192,167326,1,0,0:0:0:0:
192,192,167326,1,0,0:0:0:0:
192,192,167442,1,0,0:0:0:0:
320,192,167557,1,0,0:0:0:0:
448,192,167557,1,0,0:0:0:0:
64,192,167557,1,0,0:0:0:0:
320,192,167673,1,0,0:0:0:0:
64,192,167788,1,0,0:0:0:0:
448,192,167788,1,0,0:0:0:0:
192,192,167903,1,0,0:0:0:0:
320,192,168019,1,0,0:0:0:0:
448,192,168019,1,0,0:0:0:0:
64,192,168019,1,0,0:0:0:0:
448,192,168134,1,0,0:0:0:0:
448,192,168250,1,0,0:0:0:0:
192,192,168250,1,0,0:0:0:0:
64,192,168365,1,0,0:0:0:0:
192,192,168365,1,0,0:0:0:0:
320,192,168480,1,0,0:0:0:0:
448,192,168480,1,0,0:0:0:0:
64,192,168480,1,0,0:0:0:0:
192,192,168596,1,0,0:0:0:0:
192,192,168711,1,0,0:0:0:0:
64,192,168711,1,0,0:0:0:0:
320,192,168711,1,0,0:0:0:0:
64,192,168826,1,0,0:0:0:0:
320,192,168826,1,0,0:0:0:0:
320,192,168942,1,0,0:0:0:0:
448,192,168942,1,0,0:0:0:0:
448,192,169057,1,0,0:0:0:0:
192,192,169057,1,0,0:0:0:0:
192,192,169173,1,0,0:0:0:0:
64,192,169173,1,0,0:0:0:0:
320,192,169288,1,0,0:0:0:0:
320,192,169403,1,0,0:0:0:0:
448,192,169403,1,0,0:0:0:0:
64,192,169403,1,0,0:0:0:0:
192,192,169634,1,0,0:0:0:0:
64,192,169634,1,0,0:0:0:0:
320,192,169634,1,0,0:0:0:0:
192,192,169865,1,0,0:0:0:0:
448,192,169865,1,0,0:0:0:0:
64,192,169865,1,0,0:0:0:0:
448,192,169980,1,0,0:0:0:0:
448,192,170096,1,0,0:0:0:0:
320,192,170211,1,0,0:0:0:0:
192,192,170211,1,0,0:0:0:0:
64,192,170326,1,0,0:0:0:0:
448,192,170326,1,0,0:0:0:0:
192,192,170326,1,0,0:0:0:0:
64,192,170442,1,0,0:0:0:0:
192,192,170557,1,0,0:0:0:0:
320,192,170557,1,0,0:0:0:0:
448,192,170557,1,0,0:0:0:0:
448,192,170673,1,0,0:0:0:0:
64,192,170673,1,0,0:0:0:0:
64,192,170788,1,0,0:0:0:0:
192,192,170788,1,0,0:0:0:0:
448,192,170903,1,0,0:0:0:0:
192,192,170903,1,0,0:0:0:0:
320,192,171019,1,0,0:0:0:0:
448,192,171019,1,0,0:0:0:0:
320,192,171134,1,0,0:0:0:0:
64,192,171250,1,0,0:0:0:0:
192,192,171250,1,0,0:0:0:0:
320,192,171250,1,0,0:0:0:0:
448,192,171250,1,0,0:0:0:0:
192,192,171480,1,0,0:0:0:0:
64,192,171711,1,0,0:0:0:0:
320,192,172173,1,0,0:0:0:0:
448,192,172173,1,0,0:0:0:0:
192,192,172250,1,0,0:0:0:0:
64,192,172250,1,0,0:0:0:0:
448,192,172326,1,0,0:0:0:0:
320,192,172326,1,0,0:0:0:0:
64,192,172403,1,0,0:0:0:0:
192,192,172403,1,0,0:0:0:0:
320,192,172480,1,0,0:0:0:0:
448,192,172480,1,0,0:0:0:0:
64,192,172557,1,0,0:0:0:0:
192,192,172557,1,0,0:0:0:0:
320,192,172634,1,0,0:0:0:0:
448,192,172634,1,0,0:0:0:0:
192,192,172750,1,0,0:0:0:0:
448,192,172750,1,0,0:0:0:0:
320,192,172865,1,0,0:0:0:0:
64,192,172865,1,0,0:0:0:0:
192,192,172865,1,0,0:0:0:0:
320,192,172980,1,0,0:0:0:0:
64,192,172980,1,0,0:0:0:0:
320,192,173096,1,0,0:0:0:0:
192,192,173096,1,0,0:0:0:0:
448,192,173096,1,0,0:0:0:0:
192,192,173211,1,0,0:0:0:0:
448,192,173211,1,0,0:0:0:0:
192,192,173326,1,0,0:0:0:0:
64,192,173326,1,0,0:0:0:0:
448,192,173326,1,0,0:0:0:0:
320,192,173442,1,0,0:0:0:0:
64,192,173442,1,0,0:0:0:0:
320,192,173557,1,0,0:0:0:0:
192,192,173557,1,0,0:0:0:0:
448,192,173557,1,0,0:0:0:0:
320,192,173673,1,0,0:0:0:0:
448,192,173673,1,0,0:0:0:0:
192,192,173788,1,0,0:0:0:0:
64,192,173788,1,0,0:0:0:0:
448,192,173788,1,0,0:0:0:0:
192,192,173903,1,0,0:0:0:0:
64,192,173903,1,0,0:0:0:0:
320,192,174019,1,0,0:0:0:0:
64,192,174019,1,0,0:0:0:0:
448,192,174019,1,0,0:0:0:0:
192,192,174134,1,0,0:0:0:0:
64,192,174134,1,0,0:0:0:0:
448,192,174250,1,0,0:0:0:0:
320,192,174250,1,0,0:0:0:0:
192,192,174250,1,0,0:0:0:0:
320,192,174365,1,0,0:0:0:0:
448,192,174365,1,0,0:0:0:0:
192,192,174365,1,0,0:0:0:0:
320,192,174480,1,0,0:0:0:0:
448,192,174480,1,0,0:0:0:0:
64,192,174480,1,0,0:0:0:0:
192,192,174596,1,0,0:0:0:0:
64,192,174596,1,0,0:0:0:0:
320,192,174596,1,0,0:0:0:0:
192,192,174711,1,0,0:0:0:0:
64,192,174711,1,0,0:0:0:0:
448,192,174711,1,0,0:0:0:0:
64,192,174826,1,0,0:0:0:0:
192,192,174826,1,0,0:0:0:0:
320,192,174942,1,0,0:0:0:0:
448,192,174942,1,0,0:0:0:0:
192,192,174942,1,0,0:0:0:0:
448,192,175057,1,0,0:0:0:0:
320,192,175057,1,0,0:0:0:0:
192,192,175173,1,0,0:0:0:0:
64,192,175173,1,0,0:0:0:0:
448,192,175173,1,0,0:0:0:0:
320,192,175288,1,0,0:0:0:0:
64,192,175288,1,0,0:0:0:0:
192,192,175403,1,0,0:0:0:0:
64,192,175403,1,0,0:0:0:0:
320,192,175403,1,0,0:0:0:0:
192,192,175519,1,0,0:0:0:0:
448,192,175519,1,0,0:0:0:0:
448,192,175634,1,0,0:0:0:0:
320,192,175634,1,0,0:0:0:0:
192,192,175634,1,0,0:0:0:0:
320,192,175750,1,0,0:0:0:0:
64,192,175750,1,0,0:0:0:0:
192,192,175865,1,0,0:0:0:0:
64,192,175865,1,0,0:0:0:0:
320,192,175865,1,0,0:0:0:0:
192,192,175980,1,0,0:0:0:0:
64,192,175980,1,0,0:0:0:0:
448,192,175980,1,0,0:0:0:0:
320,192,176096,1,0,0:0:0:0:
448,192,176096,1,0,0:0:0:0:
192,192,176096,1,0,0:0:0:0:
320,192,176211,1,0,0:0:0:0:
448,192,176211,1,0,0:0:0:0:
192,192,176326,1,0,0:0:0:0:
64,192,176326,1,0,0:0:0:0:
320,192,176326,1,0,0:0:0:0:
192,192,176442,1,0,0:0:0:0:
64,192,176442,1,0,0:0:0:0:
320,192,176557,1,0,0:0:0:0:
448,192,176557,1,0,0:0:0:0:
64,192,176557,1,0,0:0:0:0:
320,192,176673,1,0,0:0:0:0:
448,192,176673,1,0,0:0:0:0:
448,192,176788,1,0,0:0:0:0:
320,192,176788,1,0,0:0:0:0:
192,192,176788,1,0,0:0:0:0:
64,192,176903,1,0,0:0:0:0:
320,192,176903,1,0,0:0:0:0:
448,192,177019,1,0,0:0:0:0:
192,192,177019,1,0,0:0:0:0:
64,192,177019,1,0,0:0:0:0:
320,192,177134,1,0,0:0:0:0:
192,192,177134,1,0,0:0:0:0:
320,192,177250,1,0,0:0:0:0:
64,192,177250,1,0,0:0:0:0:
448,192,177250,1,0,0:0:0:0:
448,192,177365,1,0,0:0:0:0:
192,192,177365,1,0,0:0:0:0:
320,192,177480,1,0,0:0:0:0:
192,192,177480,1,0,0:0:0:0:
448,192,177480,1,0,0:0:0:0:
320,192,177596,1,0,0:0:0:0:
64,192,177596,1,0,0:0:0:0:
64,192,177711,1,0,0:0:0:0:
448,192,177711,1,0,0:0:0:0:
192,192,177711,1,0,0:0:0:0:
192,192,177826,1,0,0:0:0:0:
64,192,177826,1,0,0:0:0:0:
192,192,177942,1,0,0:0:0:0:
64,192,177942,1,0,0:0:0:0:
448,192,177942,1,0,0:0:0:0:
320,192,178057,1,0,0:0:0:0:
448,192,178057,1,0,0:0:0:0:
192,192,178057,1,0,0:0:0:0:
448,192,178173,1,0,0:0:0:0:
320,192,178173,1,0,0:0:0:0:
64,192,178173,1,0,0:0:0:0:
320,192,178288,1,0,0:0:0:0:
192,192,178288,1,0,0:0:0:0:
192,192,178403,1,0,0:0:0:0:
64,192,178403,1,0,0:0:0:0:
448,192,178403,1,0,0:0:0:0:
448,192,178519,1,0,0:0:0:0:
64,192,178519,1,0,0:0:0:0:
448,192,178634,1,0,0:0:0:0:
64,192,178634,1,0,0:0:0:0:
192,192,178634,1,0,0:0:0:0:
448,192,178750,1,0,0:0:0:0:
320,192,178750,1,0,0:0:0:0:
320,192,178865,1,0,0:0:0:0:
64,192,178865,1,0,0:0:0:0:
448,192,178865,1,0,0:0:0:0:
320,192,178980,1,0,0:0:0:0:
192,192,178980,1,0,0:0:0:0:
192,192,179096,1,0,0:0:0:0:
64,192,179096,1,0,0:0:0:0:
448,192,179096,1,0,0:0:0:0:
64,192,179211,1,0,0:0:0:0:
192,192,179211,1,0,0:0:0:0:
320,192,179326,1,0,0:0:0:0:
448,192,179326,1,0,0:0:0:0:
64,192,179326,1,0,0:0:0:0:
448,192,179442,1,0,0:0:0:0:
192,192,179442,1,0,0:0:0:0:
320,192,179557,1,0,0:0:0:0:
448,192,179557,1,0,0:0:0:0:
192,192,179557,1,0,0:0:0:0:
320,192,179673,1,0,0:0:0:0:
64,192,179673,1,0,0:0:0:0:
192,192,179788,1,0,0:0:0:0:
64,192,179788,1,0,0:0:0:0:
320,192,179846,1,0,0:0:0:0:
448,192,179846,1,0,0:0:0:0:
192,192,179903,1,0,0:0:0:0:
64,192,179903,1,0,0:0:0:0:
320,192,179961,1,0,0:0:0:0:
448,192,179961,1,0,0:0:0:0:
192,192,180019,1,0,0:0:0:0:
64,192,180019,1,0,0:0:0:0:
320,192,180134,1,0,0:0:0:0:
64,192,180134,1,0,0:0:0:0:
320,192,180250,1,0,0:0:0:0:
448,192,180250,1,0,0:0:0:0:
192,192,180250,1,0,0:0:0:0:
320,192,180365,1,0,0:0:0:0:
448,192,180365,1,0,0:0:0:0:
448,192,180480,1,0,0:0:0:0:
64,192,180480,1,0,0:0:0:0:
192,192,180480,1,0,0:0:0:0:
320,192,180596,1,0,0:0:0:0:
192,192,180596,1,0,0:0:0:0:
320,192,180711,1,0,0:0:0:0:
448,192,180711,1,0,0:0:0:0:
64,192,180711,1,0,0:0:0:0:
448,192,180826,1,0,0:0:0:0:
192,192,180826,1,0,0:0:0:0:
192,192,180942,1,0,0:0:0:0:
64,192,180942,1,0,0:0:0:0:
320,192,180942,1,0,0:0:0:0:
64,192,181057,1,0,0:0:0:0:
192,192,181057,1,0,0:0:0:0:
64,192,181173,1,0,0:0:0:0:
448,192,181173,1,0,0:0:0:0:
320,192,181173,1,0,0:0:0:0:
320,192,181288,1,0,0:0:0:0:
192,192,181288,1,0,0:0:0:0:
192,192,181403,1,0,0:0:0:0:
64,192,181403,1,0,0:0:0:0:
448,192,181403,1,0,0:0:0:0:
320,192,181519,1,0,0:0:0:0:
448,192,181519,1,0,0:0:0:0:
448,192,181634,1,0,0:0:0:0:
320,192,181634,1,0,0:0:0:0:
64,192,181634,1,0,0:0:0:0:
192,192,181750,1,0,0:0:0:0:
64,192,181750,1,0,0:0:0:0:
320,192,181750,1,0,0:0:0:0:
448,192,181865,1,0,0:0:0:0:
192,192,181865,1,0,0:0:0:0:
64,192,181865,1,0,0:0:0:0:
448,192,181980,1,0,0:0:0:0:
192,192,181980,1,0,0:0:0:0:
64,192,181980,1,0,0:0:0:0:
320,192,182096,1,0,0:0:0:0:
448,192,182096,1,0,0:0:0:0:
192,192,182096,1,0,0:0:0:0:
320,192,182211,1,0,0:0:0:0:
64,192,182211,1,0,0:0:0:0:
320,192,182326,1,0,0:0:0:0:
192,192,182326,1,0,0:0:0:0:
64,192,182326,1,0,0:0:0:0:
192,192,182442,1,0,0:0:0:0:
448,192,182442,1,0,0:0:0:0:
448,192,182557,5,0,0:0:0:0:
320,192,182557,1,0,0:0:0:0:
64,192,182557,1,0,0:0:0:0:
192,192,182673,1,0,0:0:0:0:
64,192,182673,1,0,0:0:0:0:
192,192,182788,1,0,0:0:0:0:
64,192,182788,1,0,0:0:0:0:
448,192,182788,1,0,0:0:0:0:
320,192,182903,1,0,0:0:0:0:
192,192,182903,1,0,0:0:0:0:
320,192,183019,1,0,0:0:0:0:
448,192,183019,1,0,0:0:0:0:
64,192,183019,1,0,0:0:0:0:
448,192,183134,1,0,0:0:0:0:
320,192,183134,1,0,0:0:0:0:
448,192,183250,1,0,0:0:0:0:
192,192,183250,1,0,0:0:0:0:
64,192,183250,1,0,0:0:0:0:
320,192,183365,1,0,0:0:0:0:
64,192,183365,1,0,0:0:0:0:
192,192,183365,1,0,0:0:0:0:
192,192,183480,1,0,0:0:0:0:
64,192,183480,1,0,0:0:0:0:
320,192,183480,1,0,0:0:0:0:
64,192,183596,1,0,0:0:0:0:
448,192,183596,1,0,0:0:0:0:
320,192,183711,1,0,0:0:0:0:
448,192,183711,1,0,0:0:0:0:
192,192,183711,1,0,0:0:0:0:
64,192,183711,1,0,0:0:0:0:
192,192,183826,1,0,0:0:0:0:
320,192,183942,1,0,0:0:0:0:
448,192,183942,1,0,0:0:0:0:
64,192,183942,1,0,0:0:0:0:
192,192,183942,1,0,0:0:0:0:
448,192,184057,1,0,0:0:0:0:
448,192,184173,5,0,0:0:0:0:
320,192,184173,1,0,0:0:0:0:
64,192,184173,1,0,0:0:0:0:
192,192,184173,1,0,0:0:0:0:
320,192,184288,1,0,0:0:0:0:
320,192,184403,1,0,0:0:0:0:
448,192,184403,1,0,0:0:0:0:
192,192,184403,1,0,0:0:0:0:
64,192,184403,1,0,0:0:0:0:
64,192,184519,1,0,0:0:0:0:
64,192,184634,1,0,0:0:0:0:
192,192,184634,1,0,0:0:0:0:
320,192,184634,1,0,0:0:0:0:
448,192,184634,1,0,0:0:0:0:
192,192,184750,1,0,0:0:0:0:
64,192,184865,1,0,0:0:0:0:
192,192,184865,1,0,0:0:0:0:
320,192,184865,1,0,0:0:0:0:
448,192,184865,1,0,0:0:0:0:
448,192,184980,1,0,0:0:0:0:
320,192,185096,1,0,0:0:0:0:
448,192,185096,1,0,0:0:0:0:
64,192,185096,1,0,0:0:0:0:
192,192,185096,1,0,0:0:0:0:
320,192,185211,1,0,0:0:0:0:
192,192,185326,5,0,0:0:0:0:
64,192,185326,1,0,0:0:0:0:
448,192,185326,1,0,0:0:0:0:
192,192,185442,1,0,0:0:0:0:
64,192,185442,1,0,0:0:0:0:
320,192,185442,1,0,0:0:0:0:
448,192,185557,1,0,0:0:0:0:
64,192,185557,1,0,0:0:0:0:
320,192,185557,1,0,0:0:0:0:
192,192,185673,1,0,0:0:0:0:
320,192,185673,1,0,0:0:0:0:
448,192,185673,1,0,0:0:0:0:
320,192,185788,1,0,0:0:0:0:
448,192,185788,1,0,0:0:0:0:
192,192,185788,1,0,0:0:0:0:
64,192,185903,1,0,0:0:0:0:
192,192,185903,1,0,0:0:0:0:
448,192,185903,1,0,0:0:0:0:
192,192,186019,1,0,0:0:0:0:
320,192,186019,1,0,0:0:0:0:
64,192,186019,1,0,0:0:0:0:
64,192,186134,1,0,0:0:0:0:
320,192,186134,1,0,0:0:0:0:
448,192,186134,1,0,0:0:0:0:
192,192,186250,1,0,0:0:0:0:
64,192,186250,1,0,0:0:0:0:
320,192,186250,1,0,0:0:0:0:
192,192,186365,1,0,0:0:0:0:
320,192,186365,1,0,0:0:0:0:
448,192,186365,1,0,0:0:0:0:
320,192,186480,1,0,0:0:0:0:
448,192,186480,1,0,0:0:0:0:
192,192,186538,1,0,0:0:0:0:
64,192,186538,1,0,0:0:0:0:
320,192,186596,1,0,0:0:0:0:
448,192,186596,1,0,0:0:0:0:
192,192,186711,1,0,0:0:0:0:
64,192,186711,1,0,0:0:0:0:
448,192,186711,1,0,0:0:0:0:
64,192,186826,1,0,0:0:0:0:
192,192,186826,1,0,0:0:0:0:
320,192,186826,1,0,0:0:0:0:
192,192,186942,1,0,0:0:0:0:
320,192,186942,1,0,0:0:0:0:
448,192,186942,1,0,0:0:0:0:
320,192,187057,1,0,0:0:0:0:
448,192,187057,1,0,0:0:0:0:
64,192,187057,1,0,0:0:0:0:
192,192,187173,1,0,0:0:0:0:
64,192,187173,1,0,0:0:0:0:
320,192,187230,1,0,0:0:0:0:
448,192,187230,1,0,0:0:0:0:
192,192,187288,1,0,0:0:0:0:
64,192,187288,1,0,0:0:0:0:
320,192,187346,1,0,0:0:0:0:
448,192,187346,1,0,0:0:0:0:
192,192,187403,1,0,0:0:0:0:
64,192,187403,1,0,0:0:0:0:
64,192,187519,1,0,0:0:0:0:
320,192,187519,1,0,0:0:0:0:
448,192,187634,1,0,0:0:0:0:
320,192,187634,1,0,0:0:0:0:
192,192,187634,1,0,0:0:0:0:
320,192,187750,1,0,0:0:0:0:
448,192,187750,1,0,0:0:0:0:
192,192,187865,1,0,0:0:0:0:
64,192,187865,1,0,0:0:0:0:
448,192,187865,1,0,0:0:0:0:
192,192,187980,1,0,0:0:0:0:
320,192,187980,1,0,0:0:0:0:
320,192,188096,1,0,0:0:0:0:
448,192,188096,1,0,0:0:0:0:
64,192,188096,1,0,0:0:0:0:
448,192,188211,1,0,0:0:0:0:
192,192,188211,1,0,0:0:0:0:
320,192,188326,1,0,0:0:0:0:
192,192,188326,1,0,0:0:0:0:
64,192,188326,1,0,0:0:0:0:
320,192,188442,1,0,0:0:0:0:
64,192,188442,1,0,0:0:0:0:
192,192,188557,1,0,0:0:0:0:
320,192,188557,1,0,0:0:0:0:
448,192,188557,1,0,0:0:0:0:
64,192,188673,1,0,0:0:0:0:
448,192,188673,1,0,0:0:0:0:
320,192,188788,1,0,0:0:0:0:
192,192,188788,1,0,0:0:0:0:
64,192,188788,1,0,0:0:0:0:
448,192,188903,1,0,0:0:0:0:
192,192,188903,1,0,0:0:0:0:
320,192,189019,1,0,0:0:0:0:
64,192,189019,1,0,0:0:0:0:
448,192,189019,1,0,0:0:0:0:
448,192,189134,1,0,0:0:0:0:
320,192,189134,1,0,0:0:0:0:
192,192,189134,1,0,0:0:0:0:
192,192,189250,1,0,0:0:0:0:
64,192,189250,1,0,0:0:0:0:
448,192,189250,1,0,0:0:0:0:
320,192,189365,1,0,0:0:0:0:
192,192,189365,1,0,0:0:0:0:
64,192,189365,1,0,0:0:0:0:
320,192,189480,1,0,0:0:0:0:
64,192,189480,1,0,0:0:0:0:
448,192,189480,1,0,0:0:0:0:
448,192,189596,1,0,0:0:0:0:
192,192,189596,1,0,0:0:0:0:
64,192,189711,1,0,0:0:0:0:
320,192,189711,1,0,0:0:0:0:
448,192,189711,1,0,0:0:0:0:
320,192,189826,1,0,0:0:0:0:
192,192,189826,1,0,0:0:0:0:
448,192,189942,1,0,0:0:0:0:
64,192,189942,1,0,0:0:0:0:
192,192,189942,1,0,0:0:0:0:
320,192,190057,1,0,0:0:0:0:
64,192,190057,1,0,0:0:0:0:
192,192,190173,1,0,0:0:0:0:
64,192,190173,1,0,0:0:0:0:
320,192,190173,1,0,0:0:0:0:
448,192,190288,1,0,0:0:0:0:
192,192,190288,1,0,0:0:0:0:
448,192,190403,1,0,0:0:0:0:
320,192,190403,1,0,0:0:0:0:
64,192,190403,1,0,0:0:0:0:
192,192,190519,1,0,0:0:0:0:
64,192,190519,1,0,0:0:0:0:
448,192,190634,1,0,0:0:0:0:
192,192,190634,1,0,0:0:0:0:
64,192,190634,1,0,0:0:0:0:
320,192,190750,1,0,0:0:0:0:
192,192,190750,1,0,0:0:0:0:
320,192,190865,1,0,0:0:0:0:
448,192,190865,1,0,0:0:0:0:
64,192,190865,1,0,0:0:0:0:
448,192,190980,1,0,0:0:0:0:
64,192,190980,1,0,0:0:0:0:
320,192,190980,1,0,0:0:0:0:
192,192,191096,1,0,0:0:0:0:
64,192,191096,1,0,0:0:0:0:
448,192,191096,1,0,0:0:0:0:
320,192,191211,1,0,0:0:0:0:
448,192,191211,1,0,0:0:0:0:
320,192,191326,1,0,0:0:0:0:
64,192,191326,1,0,0:0:0:0:
192,192,191326,1,0,0:0:0:0:
192,192,191442,1,0,0:0:0:0:
64,192,191442,1,0,0:0:0:0:
320,192,191557,1,0,0:0:0:0:
64,192,191557,1,0,0:0:0:0:
448,192,191557,1,0,0:0:0:0:
192,192,191673,1,0,0:0:0:0:
320,192,191673,1,0,0:0:0:0:
192,192,191788,1,0,0:0:0:0:
448,192,191788,1,0,0:0:0:0:
64,192,191788,1,0,0:0:0:0:
320,192,191903,1,0,0:0:0:0:
192,192,191903,1,0,0:0:0:0:
64,192,192019,1,0,0:0:0:0:
320,192,192019,1,0,0:0:0:0:
448,192,192019,1,0,0:0:0:0:
448,192,192134,1,0,0:0:0:0:
192,192,192134,1,0,0:0:0:0:
192,192,192250,1,0,0:0:0:0:
64,192,192250,1,0,0:0:0:0:
320,192,192250,1,0,0:0:0:0:
64,192,192365,1,0,0:0:0:0:
320,192,192365,1,0,0:0:0:0:
448,192,192480,1,0,0:0:0:0:
320,192,192480,1,0,0:0:0:0:
192,192,192480,1,0,0:0:0:0:
192,192,192596,1,0,0:0:0:0:
448,192,192596,1,0,0:0:0:0:
192,192,192711,1,0,0:0:0:0:
64,192,192711,1,0,0:0:0:0:
320,192,192711,1,0,0:0:0:0:
320,192,192826,5,0,0:0:0:0:
64,192,192826,1,0,0:0:0:0:
448,192,192826,1,0,0:0:0:0:
64,192,192942,1,0,0:0:0:0:
448,192,192942,1,0,0:0:0:0:
320,192,192942,1,0,0:0:0:0:
448,192,193057,1,0,0:0:0:0:
320,192,193057,1,0,0:0:0:0:
192,192,193057,1,0,0:0:0:0:
64,192,193173,1,0,0:0:0:0:
192,192,193173,1,0,0:0:0:0:
448,192,193173,1,0,0:0:0:0:
320,192,193288,1,0,0:0:0:0:
64,192,193288,1,0,0:0:0:0:
192,192,193403,1,0,0:0:0:0:
448,192,193403,1,0,0:0:0:0:
64,192,193403,1,0,0:0:0:0:
320,192,193519,1,0,0:0:0:0:
192,192,193519,1,0,0:0:0:0:
320,192,193634,1,0,0:0:0:0:
448,192,193634,1,0,0:0:0:0:
64,192,193634,1,0,0:0:0:0:
192,192,193750,1,0,0:0:0:0:
448,192,193750,1,0,0:0:0:0:
64,192,193750,1,0,0:0:0:0:
192,192,193865,1,0,0:0:0:0:
64,192,193865,1,0,0:0:0:0:
448,192,193865,1,0,0:0:0:0:
320,192,193980,5,0,0:0:0:0:
448,192,193980,1,0,0:0:0:0:
192,192,194038,1,0,0:0:0:0:
64,192,194038,1,0,0:0:0:0:
320,192,194096,1,0,0:0:0:0:
448,192,194096,1,0,0:0:0:0:
192,192,194211,1,0,0:0:0:0:
64,192,194211,1,0,0:0:0:0:
448,192,194211,1,0,0:0:0:0:
320,192,194326,1,0,0:0:0:0:
192,192,194326,1,0,0:0:0:0:
64,192,194326,1,0,0:0:0:0:
448,192,194442,1,0,0:0:0:0:
320,192,194442,1,0,0:0:0:0:
64,192,194442,1,0,0:0:0:0:
192,192,194557,1,0,0:0:0:0:
64,192,194557,1,0,0:0:0:0:
320,192,194615,1,0,0:0:0:0:
448,192,194615,1,0,0:0:0:0:
192,192,194673,1,0,0:0:0:0:
64,192,194673,1,0,0:0:0:0:
320,192,194730,1,0,0:0:0:0:
448,192,194730,1,0,0:0:0:0:
192,192,194788,1,0,0:0:0:0:
64,192,194788,1,0,0:0:0:0:
448,192,194903,1,0,0:0:0:0:
320,192,194903,1,0,0:0:0:0:
192,192,194903,1,0,0:0:0:0:
64,192,194903,1,0,0:0:0:0:
320,192,195019,1,0,0:0:0:0:
448,192,195019,1,0,0:0:0:0:
64,192,195019,1,0,0:0:0:0:
192,192,195134,1,0,0:0:0:0:
64,192,195134,1,0,0:0:0:0:
320,192,195134,1,0,0:0:0:0:
448,192,195134,1,0,0:0:0:0:
192,192,195250,1,0,0:0:0:0:
64,192,195250,1,0,0:0:0:0:
448,192,195250,1,0,0:0:0:0:
448,192,195365,1,0,0:0:0:0:
320,192,195365,1,0,0:0:0:0:
192,192,195365,1,0,0:0:0:0:
64,192,195365,1,0,0:0:0:0:
192,192,195480,1,0,0:0:0:0:
320,192,195480,1,0,0:0:0:0:
448,192,195480,1,0,0:0:0:0:
320,192,195596,1,0,0:0:0:0:
192,192,195596,1,0,0:0:0:0:
64,192,195596,1,0,0:0:0:0:
448,192,195596,1,0,0:0:0:0:
192,192,195711,1,0,0:0:0:0:
64,192,195711,1,0,0:0:0:0:
320,192,195711,1,0,0:0:0:0:
192,192,195826,1,0,0:0:0:0:
64,192,195826,1,0,0:0:0:0:
320,192,195826,1,0,0:0:0:0:
448,192,195826,1,0,0:0:0:0:
64,192,195942,1,0,0:0:0:0:
448,192,195942,1,0,0:0:0:0:
320,192,195942,1,0,0:0:0:0:
448,192,196057,1,0,0:0:0:0:
320,192,196057,1,0,0:0:0:0:
192,192,196057,1,0,0:0:0:0:
64,192,196057,1,0,0:0:0:0:
192,192,196173,1,0,0:0:0:0:
64,192,196173,1,0,0:0:0:0:
448,192,196173,1,0,0:0:0:0:
448,192,196288,1,0,0:0:0:0:
320,192,196288,1,0,0:0:0:0:
192,192,196288,1,0,0:0:0:0:
64,192,196288,1,0,0:0:0:0:
320,192,196403,1,0,0:0:0:0:
448,192,196403,1,0,0:0:0:0:
192,192,196403,1,0,0:0:0:0:
64,192,196403,1,0,0:0:0:0:
448,192,196519,1,0,0:0:0:0:
192,192,196519,1,0,0:0:0:0:
64,192,196519,1,0,0:0:0:0:
320,192,196519,1,0,0:0:0:0:
192,192,196634,1,0,0:0:0:0:
64,192,196634,1,0,0:0:0:0:
320,192,196634,1,0,0:0:0:0:
448,192,196634,1,0,0:0:0:0:
448,192,196750,1,0,0:0:0:0:
320,192,196750,1,0,0:0:0:0:
192,192,196750,1,0,0:0:0:0:
64,192,196750,1,0,0:0:0:0:
192,192,196865,1,0,0:0:0:0:
64,192,196865,1,0,0:0:0:0:
320,192,196865,1,0,0:0:0:0:
448,192,196865,1,0,0:0:0:0:
448,192,196980,1,0,0:0:0:0:
320,192,196980,1,0,0:0:0:0:
192,192,196980,1,0,0:0:0:0:
64,192,196980,1,0,0:0:0:0:
320,192,197096,1,0,0:0:0:0:
448,192,197096,1,0,0:0:0:0:
192,192,197096,1,0,0:0:0:0:
448,192,197211,1,0,0:0:0:0:
320,192,197211,1,0,0:0:0:0:
192,192,197211,1,0,0:0:0:0:
64,192,197211,1,0,0:0:0:0:
192,192,197326,1,0,0:0:0:0:
64,192,197326,1,0,0:0:0:0:
320,192,197326,1,0,0:0:0:0:
448,192,197442,1,0,0:0:0:0:
320,192,197442,1,0,0:0:0:0:
192,192,197442,1,0,0:0:0:0:
64,192,197442,1,0,0:0:0:0:
448,192,197557,1,0,0:0:0:0:
64,192,197557,1,0,0:0:0:0:
192,192,197557,1,0,0:0:0:0:
448,192,197673,1,0,0:0:0:0:
320,192,197673,1,0,0:0:0:0:
192,192,197673,1,0,0:0:0:0:
64,192,197673,1,0,0:0:0:0:
320,192,197788,1,0,0:0:0:0:
448,192,197788,1,0,0:0:0:0:
64,192,197788,1,0,0:0:0:0:
448,192,197903,1,0,0:0:0:0:
320,192,197903,1,0,0:0:0:0:
192,192,197903,1,0,0:0:0:0:
64,192,197903,1,0,0:0:0:0:
192,192,198019,1,0,0:0:0:0:
64,192,198019,1,0,0:0:0:0:
320,192,198019,1,0,0:0:0:0:
192,192,198134,1,0,0:0:0:0:
64,192,198134,1,0,0:0:0:0:
320,192,198134,1,0,0:0:0:0:
448,192,198134,1,0,0:0:0:0:
64,192,198250,1,0,0:0:0:0:
192,192,198250,1,0,0:0:0:0:
320,192,198250,1,0,0:0:0:0:
448,192,198250,1,0,0:0:0:0:
448,192,198365,1,0,0:0:0:0:
320,192,198365,1,0,0:0:0:0:
64,192,198365,1,0,0:0:0:0:
192,192,198365,1,0,0:0:0:0:
448,192,198480,1,0,0:0:0:0:
320,192,198480,1,0,0:0:0:0:
192,192,198480,1,0,0:0:0:0:
64,192,198480,1,0,0:0:0:0:
448,192,198596,1,0,0:0:0:0:
320,192,198596,1,0,0:0:0:0:
192,192,198596,1,0,0:0:0:0:
64,192,198596,1,0,0:0:0:0:
448,192,198711,1,0,0:0:0:0:
192,192,198711,1,0,0:0:0:0:
320,192,198711,1,0,0:0:0:0:
448,192,198826,1,0,0:0:0:0:
320,192,198826,1,0,0:0:0:0:
192,192,198826,1,0,0:0:0:0:
64,192,198826,1,0,0:0:0:0:
320,192,198942,1,0,0:0:0:0:
448,192,198942,1,0,0:0:0:0:
64,192,198942,1,0,0:0:0:0:
448,192,199057,1,0,0:0:0:0:
320,192,199057,1,0,0:0:0:0:
192,192,199057,1,0,0:0:0:0:
64,192,199057,1,0,0:0:0:0:
192,192,199173,1,0,0:0:0:0:
64,192,199173,1,0,0:0:0:0:
448,192,199173,1,0,0:0:0:0:
448,192,199288,1,0,0:0:0:0:
320,192,199288,1,0,0:0:0:0:
64,192,199288,1,0,0:0:0:0:
192,192,199288,1,0,0:0:0:0:
320,192,199403,1,0,0:0:0:0:
192,192,199403,1,0,0:0:0:0:
64,192,199403,1,0,0:0:0:0:
320,192,199519,1,0,0:0:0:0:
192,192,199519,1,0,0:0:0:0:
64,192,199519,1,0,0:0:0:0:
448,192,199519,1,0,0:0:0:0:
448,192,199634,1,0,0:0:0:0:
320,192,199634,1,0,0:0:0:0:
192,192,199634,1,0,0:0:0:0:
320,192,199750,1,0,0:0:0:0:
192,192,199750,1,0,0:0:0:0:
64,192,199750,1,0,0:0:0:0:
448,192,199750,1,0,0:0:0:0:
448,192,199865,1,0,0:0:0:0:
320,192,199865,1,0,0:0:0:0:
64,192,199865,1,0,0:0:0:0:
448,192,199980,1,0,0:0:0:0:
320,192,199980,1,0,0:0:0:0:
192,192,199980,1,0,0:0:0:0:
64,192,199980,1,0,0:0:0:0:
448,192,200096,1,0,0:0:0:0:
320,192,200125,1,0,0:0:0:0:
192,192,200153,1,0,0:0:0:0:
64,192,200182,1,0,0:0:0:0:
448,192,200211,1,0,0:0:0:0:
320,192,200240,1,0,0:0:0:0:
192,192,200269,1,0,0:0:0:0:
64,192,200298,1,0,0:0:0:0:
320,192,200326,1,0,0:0:0:0:
448,192,200326,1,0,0:0:0:0:
192,192,200442,1,0,0:0:0:0:
448,192,200442,1,0,0:0:0:0:
320,192,200557,1,0,0:0:0:0:
192,192,200557,1,0,0:0:0:0:
64,192,200557,1,0,0:0:0:0:
320,192,200673,1,0,0:0:0:0:
64,192,200673,1,0,0:0:0:0:
192,192,200788,1,0,0:0:0:0:
64,192,200788,1,0,0:0:0:0:
448,192,200788,1,0,0:0:0:0:
320,192,200903,1,0,0:0:0:0:
448,192,200903,1,0,0:0:0:0:
448,192,201019,1,0,0:0:0:0:
320,192,201019,1,0,0:0:0:0:
64,192,201019,1,0,0:0:0:0:
192,192,201134,1,0,0:0:0:0:
64,192,201134,1,0,0:0:0:0:
320,192,201134,1,0,0:0:0:0:
192,192,201250,1,0,0:0:0:0:
64,192,201250,1,0,0:0:0:0:
320,192,201307,1,0,0:0:0:0:
448,192,201307,1,0,0:0:0:0:
192,192,201365,1,0,0:0:0:0:
64,192,201365,1,0,0:0:0:0:
320,192,201480,1,0,0:0:0:0:
448,192,201480,1,0,0:0:0:0:
64,192,201480,1,0,0:0:0:0:
448,192,201596,1,0,0:0:0:0:
320,192,201596,1,0,0:0:0:0:
192,192,201596,1,0,0:0:0:0:
320,192,201711,1,0,0:0:0:0:
192,192,201711,1,0,0:0:0:0:
64,192,201711,1,0,0:0:0:0:
192,192,201826,1,0,0:0:0:0:
64,192,201826,1,0,0:0:0:0:
448,192,201826,1,0,0:0:0:0:
320,192,201942,1,0,0:0:0:0:
192,192,201942,1,0,0:0:0:0:
64,192,201942,1,0,0:0:0:0:
320,192,202057,1,0,0:0:0:0:
448,192,202057,1,0,0:0:0:0:
64,192,202057,1,0,0:0:0:0:
448,192,202173,1,0,0:0:0:0:
320,192,202173,1,0,0:0:0:0:
192,192,202173,1,0,0:0:0:0:
64,192,202173,1,0,0:0:0:0:
